shape	coords	gid	sym.path.compounds.map
circle	93 523 4	NA	C00025
circle	380 521 4	NA	C01245
circle	273 570 4	NA	C00076
rect	577 656 623 673	100532726	NDUFC2-KCTD14
rect	577 656 623 673	126328	NDUFA11
rect	577 656 623 673	374291	NDUFS7
rect	577 656 623 673	4694	NDUFA1
rect	577 656 623 673	4695	NDUFA2
rect	577 656 623 673	4696	NDUFA3
rect	577 656 623 673	4697	NDUFA4
rect	577 656 623 673	4698	NDUFA5
rect	577 656 623 673	4700	NDUFA6
rect	577 656 623 673	4701	NDUFA7
rect	577 656 623 673	4702	NDUFA8
rect	577 656 623 673	4704	NDUFA9
rect	577 656 623 673	4705	NDUFA10
rect	577 656 623 673	4706	NDUFAB1
rect	577 656 623 673	4707	NDUFB1
rect	577 656 623 673	4708	NDUFB2
rect	577 656 623 673	4709	NDUFB3
rect	577 656 623 673	4710	NDUFB4
rect	577 656 623 673	4711	NDUFB5
rect	577 656 623 673	4712	NDUFB6
rect	577 656 623 673	4713	NDUFB7
rect	577 656 623 673	4714	NDUFB8
rect	577 656 623 673	4715	NDUFB9
rect	577 656 623 673	4716	NDUFB10
rect	577 656 623 673	4717	NDUFC1
rect	577 656 623 673	4718	NDUFC2
rect	577 656 623 673	4719	NDUFS1
rect	577 656 623 673	4720	NDUFS2
rect	577 656 623 673	4722	NDUFS3
rect	577 656 623 673	4723	NDUFV1
rect	577 656 623 673	4724	NDUFS4
rect	577 656 623 673	4725	NDUFS5
rect	577 656 623 673	4726	NDUFS6
rect	577 656 623 673	4728	NDUFS8
rect	577 656 623 673	4729	NDUFV2
rect	577 656 623 673	4731	NDUFV3
rect	577 656 623 673	51079	NDUFA13
rect	577 656 623 673	54539	NDUFB11
rect	577 656 623 673	55967	NDUFA12
rect	577 656 623 673	56901	NDUFA4L2
rect	577 686 623 703	6389	SDHA
rect	577 686 623 703	6390	SDHB
rect	577 686 623 703	6391	SDHC
rect	577 686 623 703	6392	SDHD
rect	577 716 623 733	10975	UQCR11
rect	577 716 623 733	1537	CYC1
rect	577 716 623 733	27089	UQCRQ
rect	577 716 623 733	29796	UQCR10
rect	577 716 623 733	440567	UQCRHL
rect	577 716 623 733	4519	CYTB
rect	577 716 623 733	7381	UQCRB
rect	577 716 623 733	7384	UQCRC1
rect	577 716 623 733	7385	UQCRC2
rect	577 716 623 733	7386	UQCRFS1
rect	577 716 623 733	7388	UQCRH
rect	577 746 623 763	125965	COX6B2
rect	577 746 623 763	1327	COX4I1
rect	577 746 623 763	1329	COX5B
rect	577 746 623 763	1337	COX6A1
rect	577 746 623 763	1339	COX6A2
rect	577 746 623 763	1340	COX6B1
rect	577 746 623 763	1345	COX6C
rect	577 746 623 763	1346	COX7A1
rect	577 746 623 763	1347	COX7A2
rect	577 746 623 763	1349	COX7B
rect	577 746 623 763	1350	COX7C
rect	577 746 623 763	1351	COX8A
rect	577 746 623 763	170712	COX7B2
rect	577 746 623 763	341947	COX8C
rect	577 746 623 763	4512	COX1
rect	577 746 623 763	4513	COX2
rect	577 746 623 763	4514	COX3
rect	577 746 623 763	84701	COX4I2
rect	577 746 623 763	9167	COX7A2L
rect	577 746 623 763	9377	COX5A
rect	577 776 623 793	10476	ATP5H
rect	577 776 623 793	4508	ATP6
rect	577 776 623 793	4509	ATP8
rect	577 776 623 793	498	ATP5A1
rect	577 776 623 793	506	ATP5B
rect	577 776 623 793	509	ATP5C1
rect	577 776 623 793	513	ATP5D
rect	577 776 623 793	514	ATP5E
rect	577 776 623 793	515	ATP5F1
rect	577 776 623 793	516	ATP5G1
rect	577 776 623 793	517	ATP5G2
rect	577 776 623 793	518	ATP5G3
rect	577 776 623 793	522	ATP5J
rect	577 776 623 793	539	ATP5O
rect	769 194 815 211	3064	HTT
rect	597 210 643 227	3064	HTT
rect	202 626 248 643	3064	HTT
rect	488 685 534 702	3064	HTT
rect	587 65 633 82	3064	HTT
rect	617 108 663 125	5978	REST
rect	745 111 791 128	5978	REST
rect	791 94 837 111	23186	RCOR1
rect	745 94 791 111	25942	SIN3A
rect	791 111 837 128	3065	HDAC1
rect	791 111 837 128	3066	HDAC2
rect	549 154 595 171	627	BDNF
rect	551 210 597 227	9001	HAP1
rect	789 177 835 194	1387	CREBBP
rect	789 177 835 194	2033	EP300
rect	850 139 896 156	246721	POLR2J2
rect	850 139 896 156	5430	POLR2A
rect	850 139 896 156	5431	POLR2B
rect	850 139 896 156	5432	POLR2C
rect	850 139 896 156	5433	POLR2D
rect	850 139 896 156	5434	POLR2E
rect	850 139 896 156	5435	POLR2F
rect	850 139 896 156	5436	POLR2G
rect	850 139 896 156	5437	POLR2H
rect	850 139 896 156	5438	POLR2I
rect	850 139 896 156	5439	POLR2J
rect	850 139 896 156	5440	POLR2K
rect	850 139 896 156	5441	POLR2L
rect	850 139 896 156	548644	POLR2J3
rect	141 561 187 578	2902	GRIN1
rect	141 561 187 578	2904	GRIN2B
rect	192 609 238 626	1742	DLG4
rect	222 477 268 494	2776	GNAQ
rect	141 477 187 494	2915	GRM5
rect	303 477 349 494	23236	PLCB1
rect	303 477 349 494	5330	PLCB2
rect	303 477 349 494	5331	PLCB3
rect	303 477 349 494	5332	PLCB4
rect	396 561 442 578	3708	ITPR1
rect	345 595 391 612	3064	HTT
rect	758 819 804 836	10105	PPIF
rect	758 819 804 836	291	SLC25A4
rect	758 819 804 836	292	SLC25A5
rect	758 819 804 836	293	SLC25A6
rect	758 819 804 836	7416	VDAC1
rect	758 819 804 836	7417	VDAC2
rect	758 819 804 836	7419	VDAC3
rect	758 819 804 836	83447	SLC25A31
rect	758 854 804 871	54205	CYCS
rect	848 228 894 245	6874	TAF4
rect	848 228 894 245	6875	TAF4B
rect	476 440 522 457	7019	TFAM
rect	529 440 575 457	4899	NRF1
rect	529 476 575 493	6648	SOD2
rect	585 476 631 493	2876	GPX1
rect	476 515 522 532	7350	UCP1
rect	476 476 522 493	6647	SOD1
rect	725 521 771 538	3064	HTT
rect	783 251 829 268	387332	TBPL2
rect	783 251 829 268	6908	TBP
rect	783 251 829 268	9519	TBPL1
rect	745 504 791 521	7157	TP53
rect	764 268 810 285	3064	HTT
rect	237 169 283 186	1211	CLTA
rect	237 169 283 186	1212	CLTB
rect	237 169 283 186	1213	CLTC
rect	237 169 283 186	8218	CLTCL1
rect	283 177 329 194	1173	AP2M1
rect	283 177 329 194	1175	AP2S1
rect	283 177 329 194	160	AP2A1
rect	283 177 329 194	161	AP2A2
rect	283 177 329 194	163	AP2B1
rect	354 169 400 186	3064	HTT
rect	283 160 329 177	3092	HIP1
rect	302 351 348 368	3092	HIP1
rect	302 368 348 385	55081	IFT57
rect	302 385 348 402	841	CASP8
rect	249 319 295 336	3064	HTT
rect	381 385 427 402	836	CASP3
rect	551 193 597 210	10540	DCTN2
rect	551 193 597 210	1639	DCTN1
rect	551 193 597 210	51164	DCTN4
rect	531 227 577 244	10126	DNAL4
rect	531 227 577 244	127602	DNAH14
rect	531 227 577 244	146754	DNAH2
rect	531 227 577 244	1767	DNAH5
rect	531 227 577 244	1768	DNAH6
rect	531 227 577 244	1769	DNAH8
rect	531 227 577 244	1770	DNAH9
rect	531 227 577 244	196385	DNAH10
rect	531 227 577 244	201625	DNAH12
rect	531 227 577 244	25981	DNAH1
rect	531 227 577 244	27019	DNAI1
rect	531 227 577 244	55567	DNAH3
rect	531 227 577 244	56171	DNAH7
rect	531 227 577 244	64446	DNAI2
rect	531 227 577 244	7802	DNALI1
rect	531 227 577 244	83544	DNAL1
rect	531 227 577 244	8632	DNAH17
rect	531 227 577 244	8701	DNAH11
rect	350 681 396 698	7052	TGM2
rect	758 888 804 905	317	APAF1
rect	848 873 894 890	842	CASP9
rect	920 873 966 890	836	CASP3
rect	786 349 832 366	10488	CREB3
rect	786 349 832 366	1385	CREB1
rect	786 349 832 366	148327	CREB3L4
rect	786 349 832 366	64764	CREB3L2
rect	786 349 832 366	84699	CREB3L3
rect	786 349 832 366	90993	CREB3L1
rect	786 349 832 366	9586	CREB5
rect	768 366 814 383	3064	HTT
rect	813 366 859 383	6874	TAF4
rect	813 366 859 383	6875	TAF4B
rect	611 393 657 410	10891	PPARGC1A
rect	744 452 790 469	5468	PPARG
rect	615 548 661 565	581	BAX
rect	615 571 661 588	27113	BBC3
rect	831 299 877 316	6667	SP1
rect	813 316 859 333	3064	HTT
rect	330 304 376 321	3064	HTT
rect	40 45 232 70	NA	hsa05016
rect	224 434 340 468	NA	hsa04020
rect	422 644 542 678	NA	hsa00190
rect	930 831 1046 856	NA	hsa04210
rect	801 519 921 553	NA	hsa04115
rect	488 348 604 373	NA	hsa03050
rect	762 46 878 80	NA	hsa03022
rect	893 46 1009 80	NA	hsa03020
rect	43 585 135 619	NA	hsa04724
