shape	coords	gid	sym.path.compounds.map
circle	507 262 4	NA	C05981
circle	482 438 4	NA	C00165
circle	478 315 4	NA	C01245
circle	525 315 4	NA	C00076
circle	527 637 4	NA	C00575
circle	916 436 4	NA	C00416
circle	741 506 4	NA	C04637
circle	879 324 4	NA	C00681
circle	959 608 4	NA	C00165
circle	537 539 4	NA	C05981
circle	1097 378 4	NA	C06124
circle	214 677 4	NA	C00416
circle	60 579 4	NA	C00752
circle	119 579 4	NA	C02135
circle	113 617 4	NA	C00025
circle	86 645 4	NA	C00681
circle	61 678 4	NA	C00639
circle	1160 378 4	NA	C00076
rect	1120 431 1166 448	5594	MAPK1
rect	1120 431 1166 448	5595	MAPK3
rect	1040 431 1086 448	5604	MAP2K1
rect	1040 431 1086 448	5605	MAP2K2
rect	957 431 1003 448	5894	RAF1
rect	493 165 539 182	22800	RRAS2
rect	493 165 539 182	22808	MRAS
rect	493 165 539 182	3265	HRAS
rect	493 165 539 182	3845	KRAS
rect	493 165 539 182	4893	NRAS
rect	493 165 539 182	6237	RRAS
rect	267 153 313 170	2885	GRB2
rect	405 165 451 182	6654	SOS1
rect	405 165 451 182	6655	SOS2
rect	582 254 628 271	10000	AKT3
rect	582 254 628 271	207	AKT1
rect	582 254 628 271	208	AKT2
rect	371 254 417 271	23533	PIK3R5
rect	371 254 417 271	5290	PIK3CA
rect	371 254 417 271	5291	PIK3CB
rect	371 254 417 271	5293	PIK3CD
rect	371 254 417 271	5294	PIK3CG
rect	371 254 417 271	5295	PIK3R1
rect	371 254 417 271	5296	PIK3R2
rect	371 254 417 271	8503	PIK3R3
rect	267 179 313 196	25759	SHC2
rect	267 179 313 196	399694	SHC4
rect	267 179 313 196	53358	SHC3
rect	267 179 313 196	6464	SHC1
rect	90 344 136 361	4254	KITLG
rect	177 334 223 351	1956	EGFR
rect	177 334 223 351	3643	INSR
rect	177 334 223 351	3815	KIT
rect	177 334 223 351	5156	PDGFRA
rect	177 334 223 351	5159	PDGFRB
rect	319 153 365 170	2549	GAB1
rect	319 153 365 170	9846	GAB2
rect	319 179 365 196	5781	PTPN11
rect	581 165 627 182	5900	RALGDS
rect	667 165 713 182	5898	RALA
rect	667 165 713 182	5899	RALB
rect	589 348 635 365	387	RHOA
rect	177 631 223 648	10161	LPAR6
rect	177 631 223 648	185	AGTR1
rect	177 631 223 648	1902	LPAR1
rect	177 631 223 648	2149	F2R
rect	177 631 223 648	23566	LPAR3
rect	177 631 223 648	2846	LPAR4
rect	177 631 223 648	2911	GRM1
rect	177 631 223 648	2912	GRM2
rect	177 631 223 648	2913	GRM3
rect	177 631 223 648	2914	GRM4
rect	177 631 223 648	2915	GRM5
rect	177 631 223 648	2916	GRM6
rect	177 631 223 648	2917	GRM7
rect	177 631 223 648	2918	GRM8
rect	177 631 223 648	3577	CXCR1
rect	177 631 223 648	3579	CXCR2
rect	177 631 223 648	552	AVPR1A
rect	177 631 223 648	553	AVPR1B
rect	177 631 223 648	554	AVPR2
rect	177 631 223 648	57121	LPAR5
rect	177 631 223 648	5737	PTGFR
rect	177 631 223 648	9170	LPAR2
rect	369 336 415 353	5335	PLCG1
rect	369 336 415 353	5336	PLCG2
rect	562 581 608 598	10411	RAPGEF3
rect	562 581 608 598	11069	RAPGEF4
rect	533 430 579 447	5578	PRKCA
rect	762 431 808 448	5337	PLD1
rect	762 431 808 448	5338	PLD2
rect	373 490 419 510	23236	PLCB1
rect	373 490 419 510	5330	PLCB2
rect	373 490 419 510	5331	PLCB3
rect	373 490 419 510	5332	PLCB4
rect	814 254 860 271	7248	TSC1
rect	814 254 860 271	7249	TSC2
rect	906 254 952 271	6009	RHEB
rect	998 254 1044 271	2475	MTOR
rect	553 470 599 487	387	RHOA
rect	816 497 862 514	23396	PIP5K1C
rect	816 497 862 514	8394	PIP5K1A
rect	816 497 862 514	8395	PIP5K1B
rect	363 597 409 614	10672	GNA13
rect	454 556 500 573	5294	PIK3CG
rect	580 505 626 522	27128	CYTH4
rect	580 505 626 522	9265	CYTH3
rect	580 505 626 522	9266	CYTH2
rect	580 505 626 522	9267	CYTH1
rect	659 473 705 490	375	ARF1
rect	311 631 357 648	2778	GNAS
rect	432 631 478 648	107	ADCY1
rect	432 631 478 648	108	ADCY2
rect	432 631 478 648	109	ADCY3
rect	432 631 478 648	111	ADCY5
rect	432 631 478 648	112	ADCY6
rect	432 631 478 648	113	ADCY7
rect	432 631 478 648	114	ADCY8
rect	432 631 478 648	115	ADCY9
rect	432 631 478 648	196883	ADCY4
rect	620 541 666 558	22800	RRAS2
rect	620 541 666 558	6237	RRAS
rect	438 505 484 522	2185	PTK2B
rect	345 544 391 561	2768	GNA12
rect	840 376 886 393	100137049	PLA2G4B
rect	840 376 886 393	123745	PLA2G4E
rect	840 376 886 393	255189	PLA2G4F
rect	840 376 886 393	283748	PLA2G4D
rect	840 376 886 393	5321	PLA2G4A
rect	840 376 886 393	8605	PLA2G4C
rect	840 376 886 393	8681	JMJD7-PLA2G4B
rect	956 528 1002 545	8611	PLPP1
rect	956 528 1002 545	8612	PLPP2
rect	956 528 1002 545	8613	PLPP3
rect	882 528 928 545	139189	DGKK
rect	882 528 928 545	1606	DGKA
rect	882 528 928 545	1607	DGKB
rect	882 528 928 545	1608	DGKG
rect	882 528 928 545	160851	DGKH
rect	882 528 928 545	1609	DGKQ
rect	882 528 928 545	8525	DGKZ
rect	882 528 928 545	8526	DGKE
rect	882 528 928 545	8527	DGKD
rect	882 528 928 545	9162	DGKI
rect	1002 369 1048 386	8877	SPHK1
rect	90 321 136 338	5154	PDGFA
rect	90 321 136 338	5155	PDGFB
rect	90 321 136 338	56034	PDGFC
rect	90 321 136 338	80310	PDGFD
rect	90 368 136 385	3630	INS
rect	90 297 136 314	1950	EGF
rect	177 714 223 731	1759	DNM1
rect	177 714 223 731	1785	DNM2
rect	177 714 223 731	26052	DNM3
rect	177 750 223 767	1759	DNM1
rect	177 750 223 767	1785	DNM2
rect	177 750 223 767	26052	DNM3
rect	95 674 141 691	3576	CXCL8
rect	104 456 150 473	102723407	LOC102723407
rect	243 413 289 430	2534	FYN
rect	288 364 334 381	9846	GAB2
rect	177 456 223 473	2205	FCER1A
rect	177 456 223 473	2206	MS4A2
rect	177 456 223 473	2207	FCER1G
rect	303 413 349 430	6850	SYK
rect	35 614 81 631	551	AVP
rect	647 335 693 352	375	ARF1
rect	647 335 693 352	382	ARF6
rect	905 354 951 371	10554	AGPAT1
rect	905 354 951 371	10555	AGPAT2
rect	905 354 951 371	55326	AGPAT5
rect	905 354 951 371	56894	AGPAT3
rect	905 354 951 371	56895	AGPAT4
rect	1049 452 1159 486	NA	hsa04010
rect	40 45 369 70	NA	hsa04072
rect	445 216 555 250	NA	hsa04151
rect	470 360 580 394	NA	hsa04020
rect	481 729 573 754	NA	hsa04144
rect	910 629 1020 663	NA	hsa00561
rect	1041 330 1151 364	NA	hsa04071
rect	415 122 525 156	NA	hsa04014
rect	917 205 1027 239	NA	hsa04150
rect	249 460 359 494	NA	hsa04664
rect	586 613 696 647	NA	hsa04024
