shape	coords	gid	sym.path.compounds.map
rect	152 119 198 136	4049	LTA
rect	152 139 198 156	8740	TNFSF14
rect	241 129 287 146	8764	TNFRSF14
rect	241 161 287 178	5818	NECTIN1
rect	241 161 287 178	5819	NECTIN2
rect	241 255 287 272	29992	PILRA
rect	316 129 362 146	7185	TRAF1
rect	316 129 362 146	7186	TRAF2
rect	316 129 362 146	7187	TRAF3
rect	316 129 362 146	7188	TRAF5
rect	691 132 737 149	5599	MAPK8
rect	691 132 737 149	5601	MAPK9
rect	691 132 737 149	5602	MAPK10
rect	734 227 780 244	4790	NFKB1
rect	734 227 780 244	5970	RELA
rect	763 132 809 149	2353	FOS
rect	763 132 809 149	3725	JUN
rect	319 255 365 272	5781	PTPN11
rect	34 326 80 343	718	C3
rect	114 363 160 380	727	C5
rect	114 382 160 399	5199	CFP
rect	330 367 376 384	7098	TLR3
rect	330 340 376 357	54106	TLR9
rect	241 298 287 315	7097	TLR2
rect	403 367 449 384	148022	TICAM1
rect	403 298 449 315	4615	MYD88
rect	561 278 607 295	10454	TAB1
rect	561 278 607 295	23118	TAB2
rect	561 261 607 278	6885	MAP3K7
rect	660 386 706 403	3661	IRF3
rect	660 386 706 403	3665	IRF7
rect	734 196 780 213	4792	NFKBIA
rect	734 196 780 213	4793	NFKBIB
rect	662 224 708 241	8517	IKBKG
rect	1049 270 1095 287	3439	IFNA1
rect	1049 270 1095 287	3440	IFNA2
rect	1049 270 1095 287	3441	IFNA4
rect	1049 270 1095 287	3442	IFNA5
rect	1049 270 1095 287	3443	IFNA6
rect	1049 270 1095 287	3444	IFNA7
rect	1049 270 1095 287	3445	IFNA8
rect	1049 270 1095 287	3446	IFNA10
rect	1049 270 1095 287	3447	IFNA13
rect	1049 270 1095 287	3448	IFNA14
rect	1049 270 1095 287	3449	IFNA16
rect	1049 270 1095 287	3451	IFNA17
rect	1049 270 1095 287	3452	IFNA21
rect	1049 221 1095 238	3592	IL12A
rect	1049 221 1095 238	3593	IL12B
rect	1049 250 1095 267	3600	IL15
rect	1049 154 1095 171	7124	TNF
rect	1049 174 1095 191	3553	IL1B
rect	1049 194 1095 211	3569	IL6
rect	1049 114 1095 131	6347	CCL2
rect	1049 134 1095 151	6352	CCL5
rect	911 610 957 627	25833	POU2F3
rect	911 593 957 610	29915	HCFC2
rect	911 593 957 610	3054	HCFC1
rect	482 298 528 315	7189	TRAF6
rect	553 428 599 445	9641	IKBKE
rect	553 445 599 462	29110	TBK1
rect	380 426 426 443	23586	DDX58
rect	468 437 514 454	57506	MAVS
rect	380 447 426 464	64135	IFIH1
rect	736 299 782 316	54926	UBE2R2
rect	736 299 782 316	997	CDC34
rect	782 282 828 299	8454	CUL1
rect	736 282 782 299	6500	SKP1
rect	782 299 828 316	6502	SKP2
rect	1049 295 1095 312	3434	IFIT1
rect	1049 295 1095 312	439996	IFIT1B
rect	660 289 706 306	7874	USP7
rect	1039 516 1085 533	5371	PML
rect	1014 533 1060 550	6672	SP100
rect	1060 550 1106 567	1616	DAXX
rect	1060 533 1106 550	1387	CREBBP
rect	1060 533 1106 550	2033	EP300
rect	1014 550 1060 567	7157	TP53
rect	829 449 875 466	1936	EEF1D
rect	829 364 875 381	29997	GLTSCR2
rect	915 364 961 381	10445	MCRS1
rect	831 963 877 980	406	ARNTL
rect	831 980 877 997	9575	CLOCK
rect	1051 972 1097 989	5187	PER1
rect	1051 972 1097 989	8863	PER3
rect	1051 972 1097 989	8864	PER2
rect	1128 620 1174 637	10629	TAF6L
rect	1128 620 1174 637	112950	MED8
rect	1128 620 1174 637	27097	TAF5L
rect	1128 620 1174 637	2969	GTF2I
rect	1128 620 1174 637	387332	TBPL2
rect	1128 620 1174 637	51616	TAF9B
rect	1128 620 1174 637	6874	TAF4
rect	1128 620 1174 637	6875	TAF4B
rect	1128 620 1174 637	6877	TAF5
rect	1128 620 1174 637	6878	TAF6
rect	1128 620 1174 637	6881	TAF10
rect	1128 620 1174 637	6884	TAF13
rect	1128 620 1174 637	6908	TBP
rect	1128 620 1174 637	83860	TAF3
rect	1128 620 1174 637	9519	TBPL1
rect	1128 620 1174 637	9569	GTF2IRD1
rect	1128 637 1174 654	3150	HMGN1
rect	455 538 501 555	27102	EIF2AK1
rect	455 538 501 555	440275	EIF2AK4
rect	455 538 501 555	5610	EIF2AK2
rect	455 538 501 555	9451	EIF2AK3
rect	540 538 586 555	1965	EIF2S1
rect	455 504 501 521	5499	PPP1CA
rect	455 504 501 521	5500	PPP1CB
rect	455 504 501 521	5501	PPP1CC
rect	457 586 503 603	4938	OAS1
rect	457 586 503 603	4939	OAS2
rect	457 586 503 603	4940	OAS3
rect	589 586 635 603	6041	RNASEL
rect	1055 742 1101 759	10189	ALYREF
rect	1079 794 1125 811	10482	NXF1
rect	1079 794 1125 811	55998	NXF5
rect	1079 794 1125 811	56000	NXF3
rect	1079 794 1125 811	56001	NXF2
rect	1079 794 1125 811	728343	NXF2B
rect	241 810 287 827	3454	IFNAR1
rect	241 810 287 827	3455	IFNAR2
rect	241 832 287 849	3459	IFNGR1
rect	241 832 287 849	3460	IFNGR2
rect	163 810 209 827	3439	IFNA1
rect	163 810 209 827	3440	IFNA2
rect	163 810 209 827	3441	IFNA4
rect	163 810 209 827	3442	IFNA5
rect	163 810 209 827	3443	IFNA6
rect	163 810 209 827	3444	IFNA7
rect	163 810 209 827	3445	IFNA8
rect	163 810 209 827	3446	IFNA10
rect	163 810 209 827	3447	IFNA13
rect	163 810 209 827	3448	IFNA14
rect	163 810 209 827	3449	IFNA16
rect	163 810 209 827	3451	IFNA17
rect	163 810 209 827	3452	IFNA21
rect	163 810 209 827	3456	IFNB1
rect	321 810 367 827	3716	JAK1
rect	321 810 367 827	7297	TYK2
rect	461 810 507 827	6772	STAT1
rect	461 810 507 827	6773	STAT2
rect	585 820 631 837	10379	IRF9
rect	461 832 507 849	6772	STAT1
rect	321 832 367 849	3716	JAK1
rect	321 832 367 849	3717	JAK2
rect	717 767 763 784	6890	TAP1
rect	717 767 763 784	6891	TAP2
rect	812 793 858 810	3105	HLA-A
rect	812 793 858 810	3106	HLA-B
rect	812 793 858 810	3107	HLA-C
rect	812 793 858 810	3133	HLA-E
rect	812 793 858 810	3134	HLA-F
rect	812 793 858 810	3135	HLA-G
rect	163 832 209 849	3458	IFNG
rect	1062 418 1108 435	5430	POLR2A
rect	1016 349 1062 366	6732	SRPK1
rect	1094 349 1140 366	10929	SRSF8
rect	1094 349 1140 366	6426	SRSF1
rect	1094 349 1140 366	6427	SRSF2
rect	1094 349 1140 366	6428	SRSF3
rect	1094 349 1140 366	6429	SRSF4
rect	1094 349 1140 366	6430	SRSF5
rect	1094 349 1140 366	6431	SRSF6
rect	1094 349 1140 366	6432	SRSF7
rect	1094 349 1140 366	8683	SRSF9
rect	835 576 881 593	1457	CSNK2A1
rect	835 576 881 593	1459	CSNK2A2
rect	835 576 881 593	1460	CSNK2B
rect	835 576 881 593	283106	CSNK2A3
rect	797 614 843 631	1017	CDK2
rect	797 614 843 631	983	CDK1
rect	350 764 396 781	9021	SOCS3
rect	484 661 530 678	972	CD74
rect	484 698 530 715	3108	HLA-DMA
rect	484 698 530 715	3109	HLA-DMB
rect	484 698 530 715	3111	HLA-DOA
rect	484 698 530 715	3112	HLA-DOB
rect	484 698 530 715	3113	HLA-DPA1
rect	484 698 530 715	3115	HLA-DPB1
rect	484 698 530 715	3117	HLA-DQA1
rect	484 698 530 715	3118	HLA-DQA2
rect	484 698 530 715	3119	HLA-DQB1
rect	484 698 530 715	3122	HLA-DRA
rect	484 698 530 715	3123	HLA-DRB1
rect	484 698 530 715	3125	HLA-DRB3
rect	484 698 530 715	3126	HLA-DRB4
rect	484 698 530 715	3127	HLA-DRB5
rect	241 915 287 932	355	FAS
rect	241 937 287 954	7132	TNFRSF1A
rect	163 915 209 932	356	FASLG
rect	340 924 386 941	8772	FADD
rect	509 925 555 942	841	CASP8
rect	604 902 650 919	836	CASP3
rect	604 950 650 967	54205	CYCS
rect	163 937 209 954	7124	TNF
rect	509 1012 555 1029	4792	NFKBIA
rect	509 978 555 995	4790	NFKB1
rect	509 978 555 995	5970	RELA
rect	1110 881 1156 898	3190	HNRNPK
rect	1110 864 1156 881	708	C1QBP
rect	1156 881 1202 898	1457	CSNK2A1
rect	1156 881 1202 898	1459	CSNK2A2
rect	1156 881 1202 898	1460	CSNK2B
rect	1156 881 1202 898	283106	CSNK2A3
rect	662 207 708 224	1147	CHUK
rect	662 190 708 207	3551	IKBKB
rect	40 45 264 70	NA	hsa05168
rect	23 415 103 449	NA	hsa04610
rect	866 254 967 288	NA	hsa04120
rect	864 929 956 954	NA	hsa04710
rect	441 399 539 433	NA	hsa04622
rect	476 340 581 374	NA	hsa04620
rect	548 791 657 816	NA	hsa04630
rect	1136 317 1228 342	NA	hsa03040
rect	599 709 704 734	NA	hsa04612
rect	653 922 718 947	NA	hsa04210
rect	1161 833 1253 858	NA	hsa03040
