shape	coords	gid	sym.path.compounds.map
circle	709 155 4	NA	C00025
circle	347 170 4	NA	C00064
circle	195 347 4	NA	C00064
circle	193 616 4	NA	C00025
circle	407 536 4	NA	C00025
circle	728 533 4	NA	C00076
circle	1002 711 4	NA	C00064
circle	1051 627 4	NA	C01245
circle	1046 668 4	NA	C00165
circle	1102 615 4	NA	C00076
circle	726 600 4	NA	C00076
circle	730 404 4	NA	C01330
circle	727 479 4	NA	C01330
circle	858 277 4	NA	C00025
circle	921 277 4	NA	C00076
circle	457 490 4	NA	C00575
circle	680 767 4	NA	C00025
circle	667 511 4	NA	C00076
circle	638 630 4	NA	C00025
circle	666 454 4	NA	C00076
circle	193 501 4	NA	C00064
circle	194 555 4	NA	C00025
circle	578 410 4	NA	C00238
rect	751 800 797 817	2916	GRM6
rect	751 800 797 817	2917	GRM7
rect	751 800 797 817	2918	GRM8
rect	751 395 797 412	2897	GRIK1
rect	751 395 797 412	2898	GRIK2
rect	751 395 797 412	2899	GRIK3
rect	751 395 797 412	2900	GRIK4
rect	751 395 797 412	2901	GRIK5
rect	751 471 797 488	2890	GRIA1
rect	751 471 797 488	2891	GRIA2
rect	751 471 797 488	2892	GRIA3
rect	751 471 797 488	2893	GRIA4
rect	751 525 797 542	116443	GRIN3A
rect	751 525 797 542	116444	GRIN3B
rect	751 525 797 542	2902	GRIN1
rect	751 525 797 542	2903	GRIN2A
rect	751 525 797 542	2904	GRIN2B
rect	751 525 797 542	2905	GRIN2C
rect	751 525 797 542	2906	GRIN2D
rect	751 703 797 720	2911	GRM1
rect	751 703 797 720	2915	GRM5
rect	751 735 797 752	2912	GRM2
rect	751 735 797 752	2913	GRM3
rect	751 769 797 786	2914	GRM4
rect	835 312 881 329	6505	SLC1A1
rect	835 312 881 329	6511	SLC1A6
rect	899 312 945 329	775	CACNA1C
rect	899 312 945 329	776	CACNA1D
rect	687 210 733 227	6506	SLC1A2
rect	687 210 733 227	6507	SLC1A3
rect	600 445 646 462	2897	GRIK1
rect	600 445 646 462	2898	GRIK2
rect	600 445 646 462	2899	GRIK3
rect	600 445 646 462	2900	GRIK4
rect	600 445 646 462	2901	GRIK5
rect	580 210 626 227	2915	GRM5
rect	436 312 482 329	2912	GRM2
rect	436 312 482 329	2913	GRM3
rect	399 432 445 449	107	ADCY1
rect	399 432 445 449	108	ADCY2
rect	399 432 445 449	109	ADCY3
rect	399 432 445 449	111	ADCY5
rect	399 432 445 449	112	ADCY6
rect	399 432 445 449	113	ADCY7
rect	399 432 445 449	114	ADCY8
rect	399 432 445 449	115	ADCY9
rect	399 432 445 449	196883	ADCY4
rect	322 210 368 227	10991	SLC38A3
rect	170 391 216 408	54407	SLC38A2
rect	170 391 216 408	81539	SLC38A1
rect	218 609 264 626	246213	SLC17A8
rect	218 609 264 626	57030	SLC17A7
rect	218 609 264 626	57084	SLC17A6
rect	844 703 890 720	2778	GNAS
rect	922 703 968 720	107	ADCY1
rect	922 703 968 720	108	ADCY2
rect	922 703 968 720	109	ADCY3
rect	922 703 968 720	111	ADCY5
rect	922 703 968 720	112	ADCY6
rect	922 703 968 720	113	ADCY7
rect	922 703 968 720	114	ADCY8
rect	922 703 968 720	115	ADCY9
rect	922 703 968 720	196883	ADCY4
rect	1035 703 1081 720	5566	PRKACA
rect	1035 703 1081 720	5567	PRKACB
rect	1035 703 1081 720	5568	PRKACG
rect	895 659 941 676	2776	GNAQ
rect	969 659 1015 676	23236	PLCB1
rect	969 659 1015 676	5330	PLCB2
rect	969 659 1015 676	5331	PLCB3
rect	969 659 1015 676	5332	PLCB4
rect	1079 571 1125 588	3708	ITPR1
rect	1079 571 1125 588	3709	ITPR2
rect	1079 571 1125 588	3710	ITPR3
rect	1079 659 1125 676	5578	PRKCA
rect	1079 659 1125 676	5579	PRKCB
rect	1079 659 1125 676	5582	PRKCG
rect	751 592 797 609	7220	TRPC1
rect	469 365 515 382	10681	GNB5
rect	469 365 515 382	2770	GNAI1
rect	469 365 515 382	2771	GNAI2
rect	469 365 515 382	2773	GNAI3
rect	469 365 515 382	2775	GNAO1
rect	469 365 515 382	2782	GNB1
rect	469 365 515 382	2783	GNB2
rect	469 365 515 382	2784	GNB3
rect	469 365 515 382	2785	GNG3
rect	469 365 515 382	2786	GNG4
rect	469 365 515 382	2787	GNG5
rect	469 365 515 382	2788	GNG7
rect	469 365 515 382	2790	GNG10
rect	469 365 515 382	2791	GNG11
rect	469 365 515 382	2792	GNGT1
rect	469 365 515 382	2793	GNGT2
rect	469 365 515 382	51764	GNG13
rect	469 365 515 382	54331	GNG2
rect	469 365 515 382	55970	GNG12
rect	469 365 515 382	59345	GNB4
rect	469 365 515 382	94235	GNG8
rect	472 521 518 538	5566	PRKACA
rect	472 521 518 538	5567	PRKACB
rect	472 521 518 538	5568	PRKACG
rect	985 530 1031 547	5530	PPP3CA
rect	985 530 1031 547	5532	PPP3CB
rect	985 530 1031 547	5533	PPP3CC
rect	985 530 1031 547	5534	PPP3R1
rect	985 530 1031 547	5535	PPP3R2
rect	141 516 187 533	27165	GLS2
rect	141 516 187 533	2744	GLS
rect	546 76 592 93	2752	GLUL
rect	600 758 646 775	6506	SLC1A2
rect	600 758 646 775	6512	SLC1A7
rect	369 385 415 402	156	GRK2
rect	369 385 415 402	157	GRK3
rect	600 503 646 520	773	CACNA1A
rect	864 756 910 773	2770	GNAI1
rect	864 756 910 773	2771	GNAI2
rect	864 756 910 773	2773	GNAI3
rect	864 756 910 773	2775	GNAO1
rect	600 401 646 418	3760	KCNJ3
rect	600 353 646 370	2917	GRM7
rect	507 312 553 329	2914	GRM4
rect	507 312 553 329	2918	GRM8
rect	518 210 564 227	2913	GRM3
rect	1154 624 1200 641	100137049	PLA2G4B
rect	1154 624 1200 641	123745	PLA2G4E
rect	1154 624 1200 641	255189	PLA2G4F
rect	1154 624 1200 641	283748	PLA2G4D
rect	1154 624 1200 641	5321	PLA2G4A
rect	1154 624 1200 641	8605	PLA2G4C
rect	1154 624 1200 641	8681	JMJD7-PLA2G4B
rect	1154 659 1200 676	5337	PLD1
rect	1154 659 1200 676	5338	PLD2
rect	1154 693 1200 710	5594	MAPK1
rect	1154 693 1200 710	5595	MAPK3
rect	955 615 1001 632	9454	HOMER3
rect	955 615 1001 632	9455	HOMER2
rect	955 615 1001 632	9456	HOMER1
rect	980 598 1026 615	9454	HOMER3
rect	980 598 1026 615	9455	HOMER2
rect	980 598 1026 615	9456	HOMER1
rect	819 545 865 562	1742	DLG4
rect	843 562 889 579	9229	DLGAP1
rect	856 579 902 596	22941	SHANK2
rect	856 579 902 596	50944	SHANK1
rect	856 579 902 596	85358	SHANK3
rect	827 626 873 643	9454	HOMER3
rect	827 626 873 643	9455	HOMER2
rect	827 626 873 643	9456	HOMER1
rect	845 609 891 626	9454	HOMER3
rect	845 609 891 626	9455	HOMER2
rect	845 609 891 626	9456	HOMER1
rect	40 45 262 70	NA	hsa04724
rect	909 406 1001 440	NA	hsa04720
rect	817 85 909 119	NA	hsa00020
rect	1009 406 1101 440	NA	hsa04730
rect	390 610 490 644	NA	hsa04721
rect	1168 532 1272 566	NA	hsa04020
