shape	coords	gid	sym.path.compounds.map
circle	408 183 4	NA	G00010
circle	640 437 4	NA	C00076
circle	378 329 4	NA	G00010
circle	333 194 4	NA	G00009
circle	501 391 4	NA	G00011
circle	528 167 4	NA	G00011
circle	616 166 4	NA	G10694
circle	634 396 4	NA	G00012
rect	273 629 319 646	468	ATF4
rect	338 711 384 728	1649	DDIT3
rect	527 629 573 646	5599	MAPK8
rect	527 629 573 646	5601	MAPK9
rect	527 629 573 646	5602	MAPK10
rect	525 513 571 530	7186	TRAF2
rect	527 552 573 569	4217	MAP3K5
rect	527 590 573 607	5609	MAP2K7
rect	275 513 321 530	1965	EIF2S1
rect	417 117 463 134	821	CANX
rect	418 173 464 190	811	CALR
rect	249 552 295 569	23645	PPP1R15A
rect	418 143 464 160	2923	PDIA3
rect	618 552 664 569	100506742	CASP12
rect	618 513 664 530	823	CAPN1
rect	618 513 664 530	824	CAPN2
rect	35 192 81 209	10952	SEC61B
rect	35 192 81 209	23480	SEC61G
rect	35 192 81 209	29927	SEC61A1
rect	35 192 81 209	55176	SEC61A2
rect	920 371 966 388	7415	VCP
rect	744 408 790 425	10952	SEC61B
rect	744 408 790 425	23480	SEC61G
rect	744 408 790 425	29927	SEC61A1
rect	744 408 790 425	55176	SEC61A2
rect	114 221 160 238	1603	DAD1
rect	114 221 160 238	1650	DDOST
rect	114 221 160 238	201595	STT3B
rect	114 221 160 238	3703	STT3A
rect	114 221 160 238	6184	RPN1
rect	114 221 160 238	6185	RPN2
rect	114 221 160 238	7991	TUSC3
rect	570 358 616 375	55741	EDEM2
rect	570 358 616 375	80267	EDEM3
rect	570 358 616 375	9695	EDEM1
rect	771 151 817 168	10427	SEC24B
rect	771 151 817 168	10483	SEC23B
rect	771 151 817 168	10484	SEC23A
rect	771 151 817 168	10802	SEC24A
rect	771 151 817 168	9632	SEC24C
rect	771 151 817 168	9871	SEC24D
rect	642 169 688 186	10960	LMAN2
rect	642 189 688 206	3998	LMAN1
rect	924 435 970 452	7353	UFD1L
rect	924 418 970 435	55666	NPLOC4
rect	699 324 745 341	30001	ERO1A
rect	699 324 745 341	56605	ERO1B
rect	543 169 589 186	10905	MAN1A2
rect	543 169 589 186	11253	MAN1B1
rect	543 169 589 186	4121	MAN1A1
rect	543 169 589 186	57134	MAN1C1
rect	344 169 390 186	23193	GANAB
rect	344 169 390 186	5589	PRKCSH
rect	479 267 525 284	23193	GANAB
rect	479 267 525 284	5589	PRKCSH
rect	344 135 390 152	7841	MOGS
rect	395 243 441 260	55757	UGGT2
rect	395 243 441 260	56886	UGGT1
rect	571 391 617 408	10905	MAN1A2
rect	571 391 617 408	11253	MAN1B1
rect	571 391 617 408	4121	MAN1A1
rect	571 391 617 408	57134	MAN1C1
rect	736 595 782 612	10299	MARCH6
rect	737 684 783 701	84447	SYVN1
rect	737 700 783 717	7326	UBE2G1
rect	737 700 783 717	7327	UBE2G2
rect	199 294 245 313	3309	HSPA5
rect	35 209 81 226	11231	SEC63
rect	35 209 81 226	7095	SEC62
rect	617 448 663 465	578	BAK1
rect	617 448 663 465	581	BAX
rect	400 469 446 486	1388	ATF6B
rect	400 469 446 486	22926	ATF6
rect	525 469 571 486	2081	ERN1
rect	275 469 321 486	27102	EIF2AK1
rect	275 469 321 486	440275	EIF2AK4
rect	275 469 321 486	5610	EIF2AK2
rect	275 469 321 486	9451	EIF2AK3
rect	428 526 474 543	8720	MBTPS1
rect	428 547 474 564	51360	MBTPS2
rect	466 621 512 638	7494	XBP1
rect	372 547 418 564	7466	WFS1
rect	987 384 1033 401	5886	RAD23A
rect	987 384 1033 401	5887	RAD23B
rect	986 362 1032 379	143630	UBQLNL
rect	986 362 1032 379	29978	UBQLN2
rect	986 362 1032 379	29979	UBQLN1
rect	986 362 1032 379	50613	UBQLN3
rect	986 362 1032 379	56893	UBQLN4
rect	987 401 1033 418	55768	NGLY1
rect	736 612 782 629	118424	UBE2J2
rect	736 612 782 629	51465	UBE2J1
rect	736 612 782 629	7326	UBE2G1
rect	736 612 782 629	7327	UBE2G2
rect	1039 362 1085 379	10277	UBE4B
rect	1014 315 1060 332	55432	YOD1
rect	1039 384 1085 401	4287	ATXN3
rect	1039 384 1085 401	92552	ATXN3L
rect	1014 332 1060 349	9373	PLAA
rect	894 259 940 276	3303	HSPA1A
rect	894 259 940 276	3304	HSPA1B
rect	894 259 940 276	3305	HSPA1L
rect	894 259 940 276	3306	HSPA2
rect	894 259 940 276	3310	HSPA6
rect	894 259 940 276	3312	HSPA8
rect	847 666 893 683	6400	SEL1L
rect	847 666 893 683	80343	SEL1L2
rect	882 683 928 700	84447	SYVN1
rect	843 306 889 323	51009	DERL2
rect	843 306 889 323	79139	DERL1
rect	843 306 889 323	91319	DERL3
rect	753 338 799 355	10956	OS9
rect	836 683 882 700	9709	HERPUD1
rect	753 360 799 377	27248	ERLEC1
rect	882 700 928 717	118424	UBE2J2
rect	882 700 928 717	51465	UBE2J1
rect	882 700 928 717	7326	UBE2G1
rect	882 700 928 717	7327	UBE2G2
rect	893 649 939 666	55829	VIMP
rect	1038 666 1084 683	9978	RBX1
rect	992 700 1038 717	26232	FBXO2
rect	992 700 1038 717	26270	FBXO6
rect	949 621 995 638	51619	UBE2D4
rect	949 621 995 638	7321	UBE2D1
rect	949 621 995 638	7322	UBE2D2
rect	949 621 995 638	7323	UBE2D3
rect	995 595 1041 612	10294	DNAJA2
rect	995 595 1041 612	285126	DNAJC5G
rect	995 595 1041 612	3300	DNAJB2
rect	995 595 1041 612	3301	DNAJA1
rect	995 595 1041 612	3337	DNAJB1
rect	995 595 1041 612	54788	DNAJB12
rect	995 595 1041 612	80331	DNAJC5
rect	995 595 1041 612	85479	DNAJC5B
rect	995 612 1041 629	3303	HSPA1A
rect	995 612 1041 629	3304	HSPA1B
rect	995 612 1041 629	3305	HSPA1L
rect	995 612 1041 629	3306	HSPA2
rect	995 612 1041 629	3310	HSPA6
rect	995 612 1041 629	3312	HSPA8
rect	995 629 1041 646	10273	STUB1
rect	700 360 746 377	10130	PDIA6
rect	700 360 746 377	10961	ERP29
rect	700 360 746 377	5034	P4HB
rect	700 360 746 377	81567	TXNDC5
rect	700 360 746 377	9601	PDIA4
rect	199 311 245 328	51726	DNAJB11
rect	199 311 245 328	54431	DNAJC10
rect	199 311 245 328	5611	DNAJC3
rect	199 311 245 328	64215	DNAJC1
rect	843 369 889 386	55968	NSFL1C
rect	843 369 889 386	80700	UBXN6
rect	894 276 940 293	10294	DNAJA2
rect	894 276 940 293	285126	DNAJC5G
rect	894 276 940 293	3300	DNAJB2
rect	894 276 940 293	3301	DNAJA1
rect	894 276 940 293	3337	DNAJB1
rect	894 276 940 293	54788	DNAJB12
rect	894 276 940 293	80331	DNAJC5
rect	894 276 940 293	85479	DNAJC5B
rect	848 612 894 629	7327	UBE2G2
rect	869 401 915 418	258010	SVIP
rect	992 675 1038 692	51619	UBE2D4
rect	992 675 1038 692	7321	UBE2D1
rect	992 675 1038 692	7322	UBE2D2
rect	992 675 1038 692	7323	UBE2D3
rect	1038 700 1084 717	6500	SKP1
rect	1038 683 1084 700	8454	CUL1
rect	893 612 939 629	51009	DERL2
rect	893 612 939 629	79139	DERL1
rect	893 612 939 629	91319	DERL3
rect	893 595 939 612	6048	RNF5
rect	893 595 939 612	91445	RNF185
rect	893 666 939 683	79139	DERL1
rect	947 259 993 276	3320	HSP90AA1
rect	947 259 993 276	3326	HSP90AB1
rect	327 526 373 543	4780	NFE2L2
rect	771 134 817 151	22872	SEC31A
rect	771 134 817 151	25956	SEC31B
rect	771 134 817 151	6396	SEC13
rect	725 151 771 168	51128	SAR1B
rect	725 151 771 168	56681	SAR1A
rect	725 189 771 206	10113	PREB
rect	254 294 300 311	7184	HSP90B1
rect	340 748 386 765	596	BCL2
rect	646 485 692 502	596	BCL2
rect	642 210 688 227	79748	LMAN1L
rect	843 289 889 306	23471	TRAM1
rect	1051 595 1097 612	10273	STUB1
rect	1051 612 1097 629	5071	PARK2
rect	894 299 940 316	10808	HSPH1
rect	894 299 940 316	22824	HSPA4L
rect	894 299 940 316	23640	HSPBP1
rect	894 299 940 316	573	BAG1
rect	894 299 940 316	9532	BAG2
rect	947 299 993 316	102724652	LOC102724652
rect	947 299 993 316	1409	CRYAA
rect	947 299 993 316	1410	CRYAB
rect	153 294 199 311	10525	HYOU1
rect	153 294 199 311	64374	SIL1
rect	114 237 160 254	7841	MOGS
rect	160 237 206 254	10970	CKAP4
rect	212 203 258 220	6238	RRBP1
rect	744 391 790 408	10134	BCAP31
rect	698 408 744 425	6745	SSR1
rect	698 408 744 425	6746	SSR2
rect	698 408 744 425	6747	SSR3
rect	698 408 744 425	6748	SSR4
rect	893 578 939 595	267	AMFR
rect	40 45 460 70	NA	hsa04141
rect	9 145 101 170	NA	hsa03060
rect	601 626 681 651	NA	hsa04210
rect	1098 344 1190 369	NA	hsa03050
rect	277 233 369 267	NA	hsa00510
rect	325 782 405 807	NA	hsa04210
rect	18 485 110 519	NA	hsa05010
rect	18 530 110 564	NA	hsa05012
rect	17 450 109 475	NA	hsa05020
rect	18 574 110 608	NA	hsa04930
