shape	coords	gid	sym.path.compounds.map
circle	583 427 4	NA	C00575
circle	624 169 4	NA	C00076
circle	608 256 4	NA	C01245
circle	681 390 4	NA	C00165
circle	628 320 4	NA	C00076
circle	220 239 4	NA	C00752
circle	220 382 4	NA	C00008
circle	220 191 4	NA	C02198
circle	909 823 4	NA	C02198
circle	685 668 4	NA	C00533
circle	848 667 4	NA	C00942
circle	639 491 4	NA	C05981
circle	220 490 4	NA	C01312
circle	428 788 4	NA	C00219
circle	674 775 4	NA	C00427
circle	675 797 4	NA	C05956
circle	220 321 4	NA	C00076
circle	235 285 4	NA	C00002
rect	661 311 707 328	3708	ITPR1
rect	661 311 707 328	3709	ITPR2
rect	661 311 707 328	3710	ITPR3
rect	273 230 319 247	2149	F2R
rect	273 230 319 247	9002	F2RL3
rect	273 352 319 369	5028	P2RY1
rect	273 182 319 199	6915	TBXA2R
rect	455 352 501 369	23236	PLCB1
rect	455 352 501 369	5330	PLCB2
rect	455 352 501 369	5331	PLCB3
rect	455 352 501 369	5332	PLCB4
rect	273 528 319 545	51206	GP6
rect	273 600 319 617	3673	ITGA2
rect	273 600 319 617	3688	ITGB1
rect	273 658 319 675	2814	GP5
rect	455 603 501 620	5336	PLCG2
rect	782 381 828 398	10125	RASGRP1
rect	782 381 828 398	10235	RASGRP2
rect	879 381 925 398	5906	RAP1A
rect	879 381 925 398	5908	RAP1B
rect	977 381 1023 398	54518	APBB1IP
rect	1076 381 1122 398	7094	TLN1
rect	1076 381 1122 398	83660	TLN2
rect	1186 381 1232 398	3674	ITGA2B
rect	1186 381 1232 398	3690	ITGB3
rect	602 105 648 122	84876	ORAI1
rect	368 600 416 617	23533	PIK3R5
rect	368 600 416 617	5290	PIK3CA
rect	368 600 416 617	5291	PIK3CB
rect	368 600 416 617	5293	PIK3CD
rect	368 600 416 617	5294	PIK3CG
rect	368 600 416 617	5295	PIK3R1
rect	368 600 416 617	5296	PIK3R2
rect	368 600 416 617	8503	PIK3R3
rect	454 659 500 676	10000	AKT3
rect	454 659 500 676	207	AKT1
rect	454 659 500 676	208	AKT2
rect	567 659 613 676	4846	NOS3
rect	747 659 793 676	2977	GUCY1A2
rect	747 659 793 676	2982	GUCY1A3
rect	747 659 793 676	2983	GUCY1B3
rect	906 659 952 676	5592	PRKG1
rect	906 659 952 676	5593	PRKG2
rect	1001 659 1047 676	1432	MAPK14
rect	1001 659 1047 676	5600	MAPK11
rect	1001 659 1047 676	5603	MAPK13
rect	1001 659 1047 676	6300	MAPK12
rect	1094 659 1140 676	5594	MAPK1
rect	1094 659 1140 676	5595	MAPK3
rect	368 352 414 369	2776	GNAQ
rect	368 182 414 199	10672	GNA13
rect	455 182 501 199	23365	ARHGEF12
rect	455 182 501 199	9138	ARHGEF1
rect	680 182 726 199	387	RHOA
rect	772 182 818 199	6093	ROCK1
rect	772 182 818 199	9475	ROCK2
rect	863 182 909 199	4659	PPP1R12A
rect	863 182 909 199	5499	PPP1CA
rect	863 182 909 199	5500	PPP1CB
rect	863 182 909 199	5501	PPP1CC
rect	961 182 1007 199	103910	MYL12B
rect	961 182 1007 199	10627	MYL12A
rect	772 229 818 246	340156	MYLK4
rect	772 229 818 246	4638	MYLK
rect	772 229 818 246	85366	MYLK2
rect	772 229 818 246	91807	MYLK3
rect	274 418 320 435	64805	P2RY12
rect	368 418 414 435	2770	GNAI1
rect	368 418 414 435	2771	GNAI2
rect	368 418 414 435	2773	GNAI3
rect	459 418 505 435	107	ADCY1
rect	459 418 505 435	108	ADCY2
rect	459 418 505 435	109	ADCY3
rect	459 418 505 435	111	ADCY5
rect	459 418 505 435	112	ADCY6
rect	459 418 505 435	113	ADCY7
rect	459 418 505 435	114	ADCY8
rect	459 418 505 435	115	ADCY9
rect	459 418 505 435	196883	ADCY4
rect	458 482 504 499	23533	PIK3R5
rect	458 482 504 499	5290	PIK3CA
rect	458 482 504 499	5291	PIK3CB
rect	458 482 504 499	5293	PIK3CD
rect	458 482 504 499	5294	PIK3CG
rect	458 482 504 499	5295	PIK3R1
rect	458 482 504 499	5296	PIK3R2
rect	458 482 504 499	8503	PIK3R3
rect	273 482 319 499	5739	PTGIR
rect	368 482 414 499	2778	GNAS
rect	273 779 319 796	100137049	PLA2G4B
rect	273 779 319 796	123745	PLA2G4E
rect	273 779 319 796	255189	PLA2G4F
rect	273 779 319 796	283748	PLA2G4D
rect	273 779 319 796	5321	PLA2G4A
rect	273 779 319 796	8605	PLA2G4C
rect	273 779 319 796	8681	JMJD7-PLA2G4B
rect	721 276 767 293	6786	STIM1
rect	46 684 92 701	7450	VWF
rect	593 766 639 783	5742	PTGS1
rect	767 766 813 783	6916	TBXAS1
rect	782 420 828 437	5566	PRKACA
rect	782 420 828 437	5567	PRKACB
rect	782 420 828 437	5568	PRKACG
rect	879 420 925 437	7408	VASP
rect	977 420 1023 437	60	ACTB
rect	977 420 1023 437	71	ACTG1
rect	46 562 92 579	1277	COL1A1
rect	46 562 92 579	1278	COL1A2
rect	46 562 92 579	1281	COL3A1
rect	1273 381 1319 398	2243	FGA
rect	1273 381 1319 398	2244	FGB
rect	1273 381 1319 398	2266	FGG
rect	1076 350 1122 367	83706	FERMT3
rect	273 312 319 329	5023	P2RX1
rect	273 675 319 692	2811	GP1BA
rect	273 692 319 709	2812	GP1BB
rect	273 709 319 726	2815	GP9
rect	294 545 340 562	2207	FCER1G
rect	392 514 438 531	4067	LYN
rect	391 538 437 555	2534	FYN
rect	429 586 475 603	3937	LCP2
rect	442 620 488 637	695	BTK
rect	317 576 363 593	6850	SYK
rect	331 727 377 744	4067	LYN
rect	782 347 828 364	5584	PRKCI
rect	782 347 828 364	5590	PRKCZ
rect	273 859 319 876	8773	SNAP23
rect	319 859 365 876	8673	VAMP8
rect	579 859 625 876	8673	VAMP8
rect	1124 428 1170 445	10672	GNA13
rect	1065 474 1111 491	6714	SRC
rect	1094 507 1140 524	6850	SYK
rect	1186 507 1232 524	2212	FCGR2A
rect	977 474 1023 491	2909	ARHGAP35
rect	879 474 925 491	387	RHOA
rect	40 45 244 70	NA	hsa05211
rect	423 261 546 295	NA	hsa04020
rect	874 337 997 371	NA	hsa04015
rect	883 762 1006 796	NA	hsa00590
rect	155 733 278 767	NA	hsa04020
rect	1232 325 1355 359	NA	hsa04610
rect	340 680 463 714	NA	hsa04151
