shape	coords	gid	sym.path.compounds.map
rect	60 554 106 571	214	ALCAM
rect	144 554 190 571	923	CD6
rect	145 801 191 818	105369261	LOC105369261
rect	145 801 191 818	6693	SPN
rect	61 801 107 818	6614	SIGLEC1
rect	145 762 191 779	5788	PTPRC
rect	61 762 107 779	933	CD22
rect	250 240 296 257	925	CD8A
rect	250 240 296 257	926	CD8B
rect	910 467 956 484	3688	ITGB1
rect	910 450 956 467	8516	ITGA8
rect	442 635 488 652	3689	ITGB2
rect	442 618 488 635	3683	ITGAL
rect	526 760 572 777	958	CD40
rect	442 591 488 608	958	CD40
rect	334 620 380 637	958	CD40
rect	335 308 381 325	958	CD40
rect	1291 793 1337 810	4756	NEO1
rect	1291 767 1337 784	1013	CDH15
rect	1207 767 1253 784	1013	CDH15
rect	1291 742 1337 759	1002	CDH4
rect	1207 742 1253 759	1002	CDH4
rect	1291 651 1337 668	1001	CDH3
rect	1207 651 1253 668	1001	CDH3
rect	1290 502 1336 519	3688	ITGB1
rect	1290 485 1336 502	3655	ITGA6
rect	1290 459 1336 476	5819	NECTIN2
rect	1290 407 1336 424	999	CDH1
rect	1206 407 1252 424	999	CDH1
rect	1290 214 1336 231	999	CDH1
rect	1206 214 1252 231	999	CDH1
rect	1099 788 1145 805	5010	CLDN11
rect	1015 788 1061 805	5010	CLDN11
rect	1015 544 1061 561	1462	VCAN
rect	1100 425 1146 442	999	CDH1
rect	1015 425 1061 442	999	CDH1
rect	1099 395 1145 412	4099	MAG
rect	1015 395 1061 412	4099	MAG
rect	1099 365 1145 382	4359	MPZ
rect	1099 365 1145 382	9019	MPZL1
rect	1015 365 1061 382	4359	MPZ
rect	1015 365 1061 382	9019	MPZL1
rect	1206 459 1252 476	25945	NECTIN3
rect	1015 608 1061 625	23114	NFASC
rect	1100 544 1146 561	23114	NFASC
rect	1100 691 1146 708	26047	CNTNAP2
rect	1100 626 1146 643	8506	CNTNAP1
rect	1100 264 1146 281	26047	CNTNAP2
rect	1100 195 1146 212	8506	CNTNAP1
rect	1015 178 1061 195	23114	NFASC
rect	1100 139 1146 156	23114	NFASC
rect	909 652 955 669	5797	PTPRM
rect	825 652 871 669	5797	PTPRM
rect	1100 247 1146 264	6900	CNTN2
rect	1015 246 1061 263	6900	CNTN2
rect	1100 674 1146 691	6900	CNTN2
rect	1015 673 1061 690	6900	CNTN2
rect	909 721 955 738	6900	CNTN2
rect	825 721 871 738	6900	CNTN2
rect	1100 178 1146 195	1272	CNTN1
rect	1100 609 1146 626	1272	CNTN1
rect	1100 569 1146 586	1272	CNTN1
rect	1015 631 1061 648	1272	CNTN1
rect	909 618 955 635	1272	CNTN1
rect	1100 520 1146 537	4897	NRCAM
rect	1100 112 1146 129	4897	NRCAM
rect	825 618 871 635	4897	NRCAM
rect	910 497 956 514	22829	NLGN4Y
rect	910 497 956 514	22871	NLGN1
rect	910 497 956 514	54413	NLGN3
rect	910 497 956 514	57502	NLGN4X
rect	910 497 956 514	57555	NLGN2
rect	825 497 871 514	9369	NRXN3
rect	825 497 871 514	9378	NRXN1
rect	825 497 871 514	9379	NRXN2
rect	910 425 956 442	3696	ITGB8
rect	910 408 956 425	3685	ITGAV
rect	1015 125 1061 142	6382	SDC1
rect	1015 125 1061 142	6383	SDC2
rect	1015 125 1061 142	6385	SDC4
rect	1015 125 1061 142	9672	SDC3
rect	910 379 956 396	6382	SDC1
rect	910 379 956 396	6383	SDC2
rect	910 379 956 396	6385	SDC4
rect	910 379 956 396	9672	SDC3
rect	826 353 872 370	5792	PTPRF
rect	910 269 956 286	257194	NEGR1
rect	826 269 872 286	257194	NEGR1
rect	909 584 955 601	57863	CADM3
rect	825 584 871 601	57863	CADM3
rect	1290 242 1336 259	23705	CADM1
rect	1206 242 1252 259	23705	CADM1
rect	910 238 956 255	23705	CADM1
rect	826 238 872 255	23705	CADM1
rect	1290 433 1336 450	1000	CDH2
rect	1206 433 1252 450	1000	CDH2
rect	1291 717 1337 734	1000	CDH2
rect	1207 717 1253 734	1000	CDH2
rect	909 789 955 806	1000	CDH2
rect	825 789 871 806	1000	CDH2
rect	909 686 955 703	4684	NCAM1
rect	909 686 955 703	4685	NCAM2
rect	825 686 871 703	4684	NCAM1
rect	825 686 871 703	4685	NCAM2
rect	909 755 955 772	3897	L1CAM
rect	825 755 871 772	3897	L1CAM
rect	910 207 956 224	3897	L1CAM
rect	826 207 872 224	3897	L1CAM
rect	910 178 956 195	4684	NCAM1
rect	910 178 956 195	4685	NCAM2
rect	826 178 872 195	4684	NCAM1
rect	826 178 872 195	4685	NCAM2
rect	910 148 956 165	1000	CDH2
rect	826 148 872 165	1000	CDH2
rect	1290 187 1336 204	5818	NECTIN1
rect	1206 187 1252 204	5818	NECTIN1
rect	1207 623 1253 640	25945	NECTIN3
rect	1291 596 1337 613	25945	NECTIN3
rect	1291 623 1337 640	5818	NECTIN1
rect	1207 596 1253 613	5818	NECTIN1
rect	826 118 872 135	25945	NECTIN3
rect	910 93 956 110	25945	NECTIN3
rect	910 118 956 135	5818	NECTIN1
rect	826 93 872 110	5818	NECTIN1
rect	718 734 764 751	5819	NECTIN2
rect	718 708 764 725	5817	PVR
rect	633 721 679 738	10666	CD226
rect	717 591 763 608	6401	SELE
rect	633 591 679 608	2734	GLG1
rect	717 552 763 569	6403	SELP
rect	633 552 679 569	6404	SELPLG
rect	718 515 764 532	947	CD34
rect	634 486 680 503	6402	SELL
rect	719 457 765 474	8174	MADCAM1
rect	718 369 764 386	7412	VCAM1
rect	634 426 680 443	3695	ITGB7
rect	634 360 680 377	3680	ITGA9
rect	634 377 680 394	3688	ITGB1
rect	634 329 680 346	3688	ITGB1
rect	634 409 680 426	3676	ITGA4
rect	634 312 680 329	3676	ITGA4
rect	717 669 763 686	4267	CD99
rect	633 669 679 686	4267	CD99
rect	717 630 763 647	5175	PECAM1
rect	633 630 679 647	5175	PECAM1
rect	717 773 763 790	965	CD58
rect	633 773 679 790	914	CD2
rect	718 151 764 168	3385	ICAM3
rect	718 191 764 208	3383	ICAM1
rect	718 241 764 258	3384	ICAM2
rect	718 320 764 337	58494	JAM2
rect	718 280 764 297	83700	JAM3
rect	634 280 680 297	83700	JAM3
rect	634 249 680 266	3689	ITGB2
rect	634 232 680 249	3684	ITGAM
rect	634 201 680 218	3689	ITGB2
rect	634 184 680 201	3683	ITGAL
rect	718 114 764 131	50848	F11R
rect	634 114 680 131	50848	F11R
rect	526 790 572 807	5175	PECAM1
rect	442 760 488 777	959	CD40LG
rect	526 730 572 747	50848	F11R
rect	442 730 488 747	50848	F11R
rect	526 627 572 644	3384	ICAM2
rect	526 591 572 608	959	CD40LG
rect	526 563 572 580	6403	SELP
rect	526 528 572 545	83700	JAM3
rect	442 536 488 553	3689	ITGB2
rect	526 353 572 370	4267	CD99
rect	526 321 572 338	5175	PECAM1
rect	526 290 572 307	1003	CDH5
rect	526 259 572 276	90952	ESAM
rect	526 228 572 245	83700	JAM3
rect	526 197 572 214	58494	JAM2
rect	526 165 572 182	50848	F11R
rect	250 759 296 776	3689	ITGB2
rect	250 742 296 759	3683	ITGAL
rect	334 750 380 767	3383	ICAM1
rect	334 750 380 767	3384	ICAM2
rect	334 750 380 767	3385	ICAM3
rect	334 719 380 736	3689	ITGB2
rect	334 702 380 719	3683	ITGAL
rect	250 710 296 727	3383	ICAM1
rect	250 710 296 727	3384	ICAM2
rect	250 710 296 727	3385	ICAM3
rect	334 674 380 691	80380	PDCD1LG2
rect	334 649 380 666	29126	CD274
rect	250 674 296 691	5133	PDCD1
rect	250 620 296 637	959	CD40LG
rect	250 586 296 603	920	CD4
rect	335 557 381 574	3108	HLA-DMA
rect	335 557 381 574	3109	HLA-DMB
rect	335 557 381 574	3111	HLA-DOA
rect	335 557 381 574	3112	HLA-DOB
rect	335 557 381 574	3113	HLA-DPA1
rect	335 557 381 574	3115	HLA-DPB1
rect	335 557 381 574	3117	HLA-DQA1
rect	335 557 381 574	3118	HLA-DQA2
rect	335 557 381 574	3119	HLA-DQB1
rect	335 557 381 574	3122	HLA-DRA
rect	335 557 381 574	3123	HLA-DRB1
rect	335 557 381 574	3125	HLA-DRB3
rect	335 557 381 574	3126	HLA-DRB4
rect	335 557 381 574	3127	HLA-DRB5
rect	335 518 381 535	942	CD86
rect	335 489 381 506	941	CD80
rect	250 489 296 506	940	CD28
rect	335 460 381 477	965	CD58
rect	250 460 296 477	914	CD2
rect	250 308 296 325	959	CD40LG
rect	335 274 381 291	3383	ICAM1
rect	335 274 381 291	3384	ICAM2
rect	335 274 381 291	3385	ICAM3
rect	250 283 296 300	3689	ITGB2
rect	250 266 296 283	3683	ITGAL
rect	335 216 381 233	3105	HLA-A
rect	335 216 381 233	3106	HLA-B
rect	335 216 381 233	3107	HLA-C
rect	335 216 381 233	3133	HLA-E
rect	335 216 381 233	3134	HLA-F
rect	335 216 381 233	3135	HLA-G
rect	335 185 381 202	942	CD86
rect	335 161 381 178	941	CD80
rect	250 161 296 178	940	CD28
rect	335 140 381 157	965	CD58
rect	250 140 296 157	914	CD2
rect	60 722 106 739	3383	ICAM1
rect	60 722 106 739	3384	ICAM2
rect	60 722 106 739	3385	ICAM3
rect	145 731 191 748	3689	ITGB2
rect	145 714 191 731	3683	ITGAL
rect	442 790 488 807	5175	PECAM1
rect	442 563 488 580	6404	SELPLG
rect	442 519 488 536	3684	ITGAM
rect	442 353 488 370	4267	CD99
rect	60 525 106 542	958	CD40
rect	60 684 106 701	3689	ITGB2
rect	442 197 488 214	58494	JAM2
rect	442 259 488 276	90952	ESAM
rect	442 165 488 182	50848	F11R
rect	526 134 572 151	100506658	OCLN
rect	442 134 488 151	100506658	OCLN
rect	526 103 572 120	100132463	CLDN24
rect	526 103 572 120	10686	CLDN16
rect	526 103 572 120	1364	CLDN4
rect	526 103 572 120	1365	CLDN3
rect	526 103 572 120	1366	CLDN7
rect	526 103 572 120	137075	CLDN23
rect	526 103 572 120	149461	CLDN19
rect	526 103 572 120	23562	CLDN14
rect	526 103 572 120	24146	CLDN15
rect	526 103 572 120	26285	CLDN17
rect	526 103 572 120	49861	CLDN20
rect	526 103 572 120	5010	CLDN11
rect	526 103 572 120	51208	CLDN18
rect	526 103 572 120	53842	CLDN22
rect	526 103 572 120	644672	CLDN25
rect	526 103 572 120	7122	CLDN5
rect	526 103 572 120	9071	CLDN10
rect	526 103 572 120	9073	CLDN8
rect	526 103 572 120	9074	CLDN6
rect	526 103 572 120	9075	CLDN2
rect	526 103 572 120	9076	CLDN1
rect	526 103 572 120	9080	CLDN9
rect	442 103 488 120	100132463	CLDN24
rect	442 103 488 120	10686	CLDN16
rect	442 103 488 120	1364	CLDN4
rect	442 103 488 120	1365	CLDN3
rect	442 103 488 120	1366	CLDN7
rect	442 103 488 120	137075	CLDN23
rect	442 103 488 120	149461	CLDN19
rect	442 103 488 120	23562	CLDN14
rect	442 103 488 120	24146	CLDN15
rect	442 103 488 120	26285	CLDN17
rect	442 103 488 120	49861	CLDN20
rect	442 103 488 120	5010	CLDN11
rect	442 103 488 120	51208	CLDN18
rect	442 103 488 120	53842	CLDN22
rect	442 103 488 120	644672	CLDN25
rect	442 103 488 120	7122	CLDN5
rect	442 103 488 120	9071	CLDN10
rect	442 103 488 120	9073	CLDN8
rect	442 103 488 120	9074	CLDN6
rect	442 103 488 120	9075	CLDN2
rect	442 103 488 120	9076	CLDN1
rect	442 103 488 120	9080	CLDN9
rect	1290 132 1336 149	100506658	OCLN
rect	1290 160 1336 177	50848	F11R
rect	1290 105 1336 122	100132463	CLDN24
rect	1290 105 1336 122	10686	CLDN16
rect	1290 105 1336 122	1364	CLDN4
rect	1290 105 1336 122	1365	CLDN3
rect	1290 105 1336 122	1366	CLDN7
rect	1290 105 1336 122	137075	CLDN23
rect	1290 105 1336 122	149461	CLDN19
rect	1290 105 1336 122	23562	CLDN14
rect	1290 105 1336 122	24146	CLDN15
rect	1290 105 1336 122	26285	CLDN17
rect	1290 105 1336 122	49861	CLDN20
rect	1290 105 1336 122	5010	CLDN11
rect	1290 105 1336 122	51208	CLDN18
rect	1290 105 1336 122	53842	CLDN22
rect	1290 105 1336 122	644672	CLDN25
rect	1290 105 1336 122	7122	CLDN5
rect	1290 105 1336 122	9071	CLDN10
rect	1290 105 1336 122	9073	CLDN8
rect	1290 105 1336 122	9074	CLDN6
rect	1290 105 1336 122	9075	CLDN2
rect	1290 105 1336 122	9076	CLDN1
rect	1290 105 1336 122	9080	CLDN9
rect	145 676 191 693	3383	ICAM1
rect	145 676 191 693	3384	ICAM2
rect	145 676 191 693	3385	ICAM3
rect	144 325 190 342	920	CD4
rect	144 257 190 274	29851	ICOS
rect	60 469 106 486	80381	CD276
rect	144 525 190 542	959	CD40LG
rect	60 440 106 457	80380	PDCD1LG2
rect	60 412 106 429	29126	CD274
rect	442 321 488 338	5175	PECAM1
rect	250 790 296 807	5788	PTPRC
rect	60 257 106 274	23308	ICOSLG
rect	144 440 190 457	5133	PDCD1
rect	442 290 488 307	1003	CDH5
rect	60 359 106 376	3105	HLA-A
rect	60 359 106 376	3106	HLA-B
rect	60 359 106 376	3107	HLA-C
rect	60 359 106 376	3133	HLA-E
rect	60 359 106 376	3134	HLA-F
rect	60 359 106 376	3135	HLA-G
rect	60 296 106 313	3108	HLA-DMA
rect	60 296 106 313	3109	HLA-DMB
rect	60 296 106 313	3111	HLA-DOA
rect	60 296 106 313	3112	HLA-DOB
rect	60 296 106 313	3113	HLA-DPA1
rect	60 296 106 313	3115	HLA-DPB1
rect	60 296 106 313	3117	HLA-DQA1
rect	60 296 106 313	3118	HLA-DQA2
rect	60 296 106 313	3119	HLA-DQB1
rect	60 296 106 313	3122	HLA-DRA
rect	60 296 106 313	3123	HLA-DRB1
rect	60 296 106 313	3125	HLA-DRB3
rect	60 296 106 313	3126	HLA-DRB4
rect	60 296 106 313	3127	HLA-DRB5
rect	145 650 191 667	10666	CD226
rect	1206 160 1252 177	50848	F11R
rect	60 204 106 221	941	CD80
rect	442 228 488 245	83700	JAM3
rect	60 667 106 684	3683	ITGAL
rect	144 388 190 405	925	CD8A
rect	144 388 190 405	926	CD8B
rect	335 790 381 807	933	CD22
rect	1206 105 1252 122	100132463	CLDN24
rect	1206 105 1252 122	10686	CLDN16
rect	1206 105 1252 122	1364	CLDN4
rect	1206 105 1252 122	1365	CLDN3
rect	1206 105 1252 122	1366	CLDN7
rect	1206 105 1252 122	137075	CLDN23
rect	1206 105 1252 122	149461	CLDN19
rect	1206 105 1252 122	23562	CLDN14
rect	1206 105 1252 122	24146	CLDN15
rect	1206 105 1252 122	26285	CLDN17
rect	1206 105 1252 122	49861	CLDN20
rect	1206 105 1252 122	5010	CLDN11
rect	1206 105 1252 122	51208	CLDN18
rect	1206 105 1252 122	53842	CLDN22
rect	1206 105 1252 122	644672	CLDN25
rect	1206 105 1252 122	7122	CLDN5
rect	1206 105 1252 122	9071	CLDN10
rect	1206 105 1252 122	9073	CLDN8
rect	1206 105 1252 122	9074	CLDN6
rect	1206 105 1252 122	9075	CLDN2
rect	1206 105 1252 122	9076	CLDN1
rect	1206 105 1252 122	9080	CLDN9
rect	144 231 190 248	1493	CTLA4
rect	144 204 190 221	940	CD28
rect	60 231 106 248	942	CD86
rect	1206 132 1252 149	100506658	OCLN
rect	60 146 106 163	965	CD58
rect	144 146 190 163	914	CD2
rect	144 177 190 194	29126	CD274
rect	60 497 106 514	79679	VTCN1
rect	144 586 190 603	10666	CD226
rect	60 612 106 629	5819	NECTIN2
rect	60 586 106 603	5817	PVR
rect	144 610 190 627	201633	TIGIT
rect	250 518 296 535	29126	CD274
rect	250 185 296 202	29126	CD274
rect	250 334 296 351	10666	CD226
rect	335 356 381 373	5819	NECTIN2
rect	335 334 381 351	5817	PVR
rect	250 356 296 373	201633	TIGIT
rect	335 377 381 394	25945	NECTIN3
rect	826 379 872 396	6382	SDC1
rect	826 379 872 396	6383	SDC2
rect	826 379 872 396	6385	SDC4
rect	826 379 872 396	9672	SDC3
rect	826 301 872 318	22854	NTNG1
rect	826 327 872 344	84628	NTNG2
rect	910 301 956 318	57689	LRRC4C
rect	910 327 956 344	64101	LRRC4
rect	910 353 956 370	94030	LRRC4B
rect	649 830 752 875	NA	hsa04670
rect	455 431 558 476	NA	hsa04670
rect	74 836 177 870	NA	hsa04660
rect	455 392 558 417	NA	hsa04530
rect	455 836 558 870	NA	hsa04610
rect	1220 281 1323 315	NA	hsa04530
rect	1220 329 1323 363	NA	hsa04520
rect	40 45 273 70	NA	hsa04514
