shape	coords	gid	sym.path.compounds.map
circle	1146 549 4	NA	C00027
circle	457 139 4	NA	C00434
circle	474 208 4	NA	C02737
rect	613 414 659 431	102723407	LOC102723407
rect	1055 592 1101 609	2209	FCGR1A
rect	1055 592 1101 609	2212	FCGR2A
rect	1055 592 1101 609	2214	FCGR3A
rect	1055 592 1101 609	2215	FCGR3B
rect	1056 693 1102 710	2209	FCGR1A
rect	1056 693 1102 710	2212	FCGR2A
rect	1056 693 1102 710	2214	FCGR3A
rect	1056 693 1102 710	2215	FCGR3B
rect	1133 592 1179 609	102723407	LOC102723407
rect	1135 693 1181 710	102723407	LOC102723407
rect	1128 144 1174 161	102723407	LOC102723407
rect	794 440 840 457	102723407	LOC102723407
rect	1122 524 1168 541	1991	ELANE
rect	1122 503 1168 520	1511	CTSG
rect	942 377 988 394	727	C5
rect	920 182 966 199	720	C4A
rect	920 182 966 199	721	C4B
rect	920 264 966 281	718	C3
rect	920 203 966 220	717	C2
rect	1004 153 1050 170	716	C1S
rect	1050 144 1096 161	712	C1QA
rect	1050 144 1096 161	713	C1QB
rect	1050 144 1096 161	714	C1QC
rect	1004 136 1050 153	715	C1R
rect	1086 377 1132 394	729	C6
rect	1135 377 1181 394	730	C7
rect	1086 398 1132 415	731	C8A
rect	1086 398 1132 415	732	C8B
rect	1086 398 1132 415	733	C8G
rect	1227 346 1273 363	727	C5
rect	1227 346 1273 363	729	C6
rect	1227 346 1273 363	730	C7
rect	1227 346 1273 363	731	C8A
rect	1227 346 1273 363	732	C8B
rect	1227 346 1273 363	733	C8G
rect	1135 398 1181 415	735	C9
rect	527 522 573 539	7124	TNF
rect	527 549 573 566	3458	IFNG
rect	527 571 573 588	3586	IL10
rect	677 638 723 655	712	C1QA
rect	677 638 723 655	713	C1QB
rect	677 638 723 655	714	C1QC
rect	730 638 776 655	720	C4A
rect	730 638 776 655	721	C4B
rect	256 141 302 158	712	C1QA
rect	256 141 302 158	713	C1QB
rect	256 141 302 158	714	C1QC
rect	309 141 355 158	720	C4A
rect	309 141 355 158	721	C4B
rect	283 118 329 135	717	C2
rect	703 661 749 678	717	C2
rect	183 471 229 488	941	CD80
rect	183 471 229 488	942	CD86
rect	265 471 311 488	940	CD28
rect	183 448 229 465	3108	HLA-DMA
rect	183 448 229 465	3109	HLA-DMB
rect	183 448 229 465	3111	HLA-DOA
rect	183 448 229 465	3112	HLA-DOB
rect	183 448 229 465	3113	HLA-DPA1
rect	183 448 229 465	3115	HLA-DPB1
rect	183 448 229 465	3117	HLA-DQA1
rect	183 448 229 465	3118	HLA-DQA2
rect	183 448 229 465	3119	HLA-DQB1
rect	183 448 229 465	3122	HLA-DRA
rect	183 448 229 465	3123	HLA-DRB1
rect	183 448 229 465	3125	HLA-DRB3
rect	183 448 229 465	3126	HLA-DRB4
rect	183 448 229 465	3127	HLA-DRB5
rect	571 472 617 489	3108	HLA-DMA
rect	571 472 617 489	3109	HLA-DMB
rect	571 472 617 489	3111	HLA-DOA
rect	571 472 617 489	3112	HLA-DOB
rect	571 472 617 489	3113	HLA-DPA1
rect	571 472 617 489	3115	HLA-DPB1
rect	571 472 617 489	3117	HLA-DQA1
rect	571 472 617 489	3118	HLA-DQA2
rect	571 472 617 489	3119	HLA-DQB1
rect	571 472 617 489	3122	HLA-DRA
rect	571 472 617 489	3123	HLA-DRB1
rect	571 472 617 489	3125	HLA-DRB3
rect	571 472 617 489	3126	HLA-DRB4
rect	571 472 617 489	3127	HLA-DRB5
rect	490 446 536 463	959	CD40LG
rect	571 446 617 463	958	CD40
rect	496 140 542 157	221613	HIST1H2AA
rect	496 140 542 157	3012	HIST1H2AE
rect	496 140 542 157	3013	HIST1H2AD
rect	496 140 542 157	3014	H2AFX
rect	496 140 542 157	3015	H2AFZ
rect	496 140 542 157	317772	HIST2H2AB
rect	496 140 542 157	474381	H2AFB2
rect	496 140 542 157	474382	H2AFB1
rect	496 140 542 157	55506	H2AFY2
rect	496 140 542 157	55766	H2AFJ
rect	496 140 542 157	723790	HIST2H2AA4
rect	496 140 542 157	8329	HIST1H2AI
rect	496 140 542 157	8330	HIST1H2AK
rect	496 140 542 157	8331	HIST1H2AJ
rect	496 140 542 157	8332	HIST1H2AL
rect	496 140 542 157	8334	HIST1H2AC
rect	496 140 542 157	8335	HIST1H2AB
rect	496 140 542 157	8336	HIST1H2AM
rect	496 140 542 157	8337	HIST2H2AA3
rect	496 140 542 157	8338	HIST2H2AC
rect	496 140 542 157	83740	H2AFB3
rect	496 140 542 157	85235	HIST1H2AH
rect	496 140 542 157	8969	HIST1H2AG
rect	496 140 542 157	92815	HIST3H2A
rect	496 140 542 157	94239	H2AFV
rect	496 140 542 157	9555	H2AFY
rect	548 140 594 157	128312	HIST3H2BB
rect	548 140 594 157	158983	H2BFWT
rect	548 140 594 157	255626	HIST1H2BA
rect	548 140 594 157	286436	H2BFM
rect	548 140 594 157	3017	HIST1H2BD
rect	548 140 594 157	3018	HIST1H2BB
rect	548 140 594 157	440689	HIST2H2BF
rect	548 140 594 157	8339	HIST1H2BG
rect	548 140 594 157	8340	HIST1H2BL
rect	548 140 594 157	8341	HIST1H2BN
rect	548 140 594 157	8342	HIST1H2BM
rect	548 140 594 157	8343	HIST1H2BF
rect	548 140 594 157	8344	HIST1H2BE
rect	548 140 594 157	8345	HIST1H2BH
rect	548 140 594 157	8346	HIST1H2BI
rect	548 140 594 157	8347	HIST1H2BC
rect	548 140 594 157	8348	HIST1H2BO
rect	548 140 594 157	8349	HIST2H2BE
rect	548 140 594 157	85236	HIST1H2BK
rect	548 140 594 157	8970	HIST1H2BJ
rect	496 162 542 179	126961	HIST2H3C
rect	496 162 542 179	3020	H3F3A
rect	496 162 542 179	3021	H3F3B
rect	496 162 542 179	333932	HIST2H3A
rect	496 162 542 179	440093	H3F3C
rect	496 162 542 179	653604	HIST2H3D
rect	496 162 542 179	8290	HIST3H3
rect	496 162 542 179	8350	HIST1H3A
rect	496 162 542 179	8351	HIST1H3D
rect	496 162 542 179	8352	HIST1H3C
rect	496 162 542 179	8353	HIST1H3E
rect	496 162 542 179	8354	HIST1H3I
rect	496 162 542 179	8355	HIST1H3G
rect	496 162 542 179	8356	HIST1H3J
rect	496 162 542 179	8357	HIST1H3H
rect	496 162 542 179	8358	HIST1H3B
rect	496 162 542 179	8968	HIST1H3F
rect	548 162 594 179	121504	HIST4H4
rect	548 162 594 179	554313	HIST2H4B
rect	548 162 594 179	8294	HIST1H4I
rect	548 162 594 179	8359	HIST1H4A
rect	548 162 594 179	8360	HIST1H4D
rect	548 162 594 179	8361	HIST1H4F
rect	548 162 594 179	8362	HIST1H4K
rect	548 162 594 179	8363	HIST1H4J
rect	548 162 594 179	8364	HIST1H4C
rect	548 162 594 179	8365	HIST1H4H
rect	548 162 594 179	8366	HIST1H4B
rect	548 162 594 179	8367	HIST1H4E
rect	548 162 594 179	8368	HIST1H4L
rect	548 162 594 179	8369	HIST1H4G
rect	548 162 594 179	8370	HIST2H4A
rect	519 202 565 219	6737	TRIM21
rect	519 202 565 219	6738	TROVE2
rect	613 140 659 157	6628	SNRPB
rect	613 162 659 179	6632	SNRPD1
rect	613 162 659 179	6634	SNRPD3
rect	678 140 724 157	2903	GRIN2A
rect	625 202 671 219	81	ACTN4
rect	625 202 671 219	87	ACTN1
rect	625 202 671 219	88	ACTN2
rect	625 202 671 219	89	ACTN3
rect	678 202 724 219	712	C1QA
rect	678 202 724 219	713	C1QB
rect	678 202 724 219	714	C1QC
rect	572 202 618 219	6741	SSB
rect	678 162 724 179	2904	GRIN2B
rect	286 372 399 406	NA	hsa04660
rect	482 371 595 405	NA	hsa04514
rect	185 545 298 579	NA	hsa04612
rect	337 619 450 653	NA	hsa04060
rect	337 686 450 720	NA	hsa04630
rect	1011 196 1124 230	NA	hsa04610
rect	841 632 954 677	NA	hsa04670
rect	646 331 759 365	NA	hsa04662
rect	40 45 312 70	NA	hsa05322
