shape	coords	gid	sym.path.compounds.map
circle	508 705 4	NA	C04599
circle	539 749 4	NA	C07593
circle	943 876 4	NA	C00002
circle	925 841 4	NA	C00008
circle	957 841 4	NA	C00009
circle	1125 574 4	NA	C03758
circle	1126 628 4	NA	C00704
circle	685 330 4	NA	C00002
circle	662 276 4	NA	C00020
circle	695 276 4	NA	C00013
circle	564 707 4	NA	C11310
circle	1121 144 4	NA	C00002
circle	1179 145 4	NA	C00008
circle	1208 145 4	NA	C00009
circle	1126 511 4	NA	C00355
circle	1125 445 4	NA	C00082
circle	565 586 4	NA	C03758
circle	233 447 4	NA	C00575
circle	233 736 4	NA	C00575
circle	462 402 4	NA	C00212
rect	962 692 1008 709	120892	LRRK2
rect	707 181 753 198	7317	UBA1
rect	707 181 753 198	7318	UBA7
rect	707 211 753 228	7314	UBB
rect	802 181 848 198	7332	UBE2L3
rect	802 181 848 198	9246	UBE2L6
rect	802 211 848 228	7314	UBB
rect	973 223 1019 240	5071	PARK2
rect	1079 350 1125 367	5413	SEPT5
rect	1079 381 1125 398	9627	SNCAIP
rect	1080 318 1126 335	2861	GPR37
rect	1142 716 1188 733	11315	PARK7
rect	962 717 1008 734	65018	PINK1
rect	1163 282 1209 299	6622	SNCA
rect	801 436 847 453	7345	UCHL1
rect	1268 756 1314 773	54205	CYCS
rect	843 736 889 753	100532726	NDUFC2-KCTD14
rect	843 736 889 753	126328	NDUFA11
rect	843 736 889 753	374291	NDUFS7
rect	843 736 889 753	4535	ND1
rect	843 736 889 753	4536	ND2
rect	843 736 889 753	4537	ND3
rect	843 736 889 753	4538	ND4
rect	843 736 889 753	4539	ND4L
rect	843 736 889 753	4540	ND5
rect	843 736 889 753	4541	ND6
rect	843 736 889 753	4694	NDUFA1
rect	843 736 889 753	4695	NDUFA2
rect	843 736 889 753	4696	NDUFA3
rect	843 736 889 753	4697	NDUFA4
rect	843 736 889 753	4698	NDUFA5
rect	843 736 889 753	4700	NDUFA6
rect	843 736 889 753	4701	NDUFA7
rect	843 736 889 753	4702	NDUFA8
rect	843 736 889 753	4704	NDUFA9
rect	843 736 889 753	4705	NDUFA10
rect	843 736 889 753	4706	NDUFAB1
rect	843 736 889 753	4707	NDUFB1
rect	843 736 889 753	4708	NDUFB2
rect	843 736 889 753	4709	NDUFB3
rect	843 736 889 753	4710	NDUFB4
rect	843 736 889 753	4711	NDUFB5
rect	843 736 889 753	4712	NDUFB6
rect	843 736 889 753	4713	NDUFB7
rect	843 736 889 753	4714	NDUFB8
rect	843 736 889 753	4715	NDUFB9
rect	843 736 889 753	4716	NDUFB10
rect	843 736 889 753	4717	NDUFC1
rect	843 736 889 753	4718	NDUFC2
rect	843 736 889 753	4719	NDUFS1
rect	843 736 889 753	4720	NDUFS2
rect	843 736 889 753	4722	NDUFS3
rect	843 736 889 753	4723	NDUFV1
rect	843 736 889 753	4724	NDUFS4
rect	843 736 889 753	4725	NDUFS5
rect	843 736 889 753	4726	NDUFS6
rect	843 736 889 753	4728	NDUFS8
rect	843 736 889 753	4729	NDUFV2
rect	843 736 889 753	4731	NDUFV3
rect	843 736 889 753	51079	NDUFA13
rect	843 736 889 753	54539	NDUFB11
rect	843 736 889 753	55967	NDUFA12
rect	843 736 889 753	56901	NDUFA4L2
rect	843 764 889 781	6389	SDHA
rect	843 764 889 781	6390	SDHB
rect	843 764 889 781	6391	SDHC
rect	843 764 889 781	6392	SDHD
rect	843 793 889 810	10975	UQCR11
rect	843 793 889 810	1537	CYC1
rect	843 793 889 810	27089	UQCRQ
rect	843 793 889 810	29796	UQCR10
rect	843 793 889 810	440567	UQCRHL
rect	843 793 889 810	4519	CYTB
rect	843 793 889 810	7381	UQCRB
rect	843 793 889 810	7384	UQCRC1
rect	843 793 889 810	7385	UQCRC2
rect	843 793 889 810	7386	UQCRFS1
rect	843 793 889 810	7388	UQCRH
rect	843 821 889 838	125965	COX6B2
rect	843 821 889 838	1327	COX4I1
rect	843 821 889 838	1329	COX5B
rect	843 821 889 838	1337	COX6A1
rect	843 821 889 838	1339	COX6A2
rect	843 821 889 838	1340	COX6B1
rect	843 821 889 838	1345	COX6C
rect	843 821 889 838	1346	COX7A1
rect	843 821 889 838	1347	COX7A2
rect	843 821 889 838	1349	COX7B
rect	843 821 889 838	1350	COX7C
rect	843 821 889 838	1351	COX8A
rect	843 821 889 838	170712	COX7B2
rect	843 821 889 838	341947	COX8C
rect	843 821 889 838	4512	COX1
rect	843 821 889 838	4513	COX2
rect	843 821 889 838	4514	COX3
rect	843 821 889 838	84701	COX4I2
rect	843 821 889 838	9167	COX7A2L
rect	843 821 889 838	9377	COX5A
rect	843 850 889 867	10476	ATP5H
rect	843 850 889 867	4508	ATP6
rect	843 850 889 867	4509	ATP8
rect	843 850 889 867	498	ATP5A1
rect	843 850 889 867	506	ATP5B
rect	843 850 889 867	509	ATP5C1
rect	843 850 889 867	513	ATP5D
rect	843 850 889 867	514	ATP5E
rect	843 850 889 867	515	ATP5F1
rect	843 850 889 867	516	ATP5G1
rect	843 850 889 867	517	ATP5G2
rect	843 850 889 867	518	ATP5G3
rect	843 850 889 867	522	ATP5J
rect	843 850 889 867	539	ATP5O
rect	1157 756 1203 773	27429	HTRA2
rect	1169 818 1215 835	10105	PPIF
rect	1169 818 1215 835	291	SLC25A4
rect	1169 818 1215 835	292	SLC25A5
rect	1169 818 1215 835	293	SLC25A6
rect	1169 818 1215 835	7416	VDAC1
rect	1169 818 1215 835	7417	VDAC2
rect	1169 818 1215 835	7419	VDAC3
rect	1169 818 1215 835	83447	SLC25A31
rect	888 391 934 408	7314	UBB
rect	888 419 934 436	7314	UBB
rect	888 446 934 463	7314	UBB
rect	712 391 758 408	7314	UBB
rect	712 419 758 436	7314	UBB
rect	712 446 758 463	7314	UBB
rect	983 279 1029 296	7314	UBB
rect	983 310 1029 327	7314	UBB
rect	982 340 1028 357	7314	UBB
rect	802 272 848 289	118424	UBE2J2
rect	802 272 848 289	51465	UBE2J1
rect	802 272 848 289	7326	UBE2G1
rect	802 272 848 289	7327	UBE2G2
rect	1137 468 1183 485	7054	TH
rect	590 495 636 512	6531	SLC6A3
rect	1410 755 1456 772	842	CASP9
rect	1409 707 1455 724	836	CASP3
rect	1330 786 1376 803	317	APAF1
rect	883 609 929 626	6570	SLC18A1
rect	883 609 929 626	6571	SLC18A2
rect	591 698 637 715	6531	SLC6A3
rect	381 394 427 411	135	ADORA2A
rect	381 489 427 506	1813	DRD2
rect	381 769 427 786	1812	DRD1
rect	304 394 350 411	2774	GNAL
rect	304 489 350 506	2770	GNAI1
rect	304 489 350 506	2771	GNAI2
rect	304 489 350 506	2773	GNAI3
rect	304 769 350 786	2774	GNAL
rect	268 439 314 456	111	ADCY5
rect	268 728 314 745	111	ADCY5
rect	152 439 198 456	5566	PRKACA
rect	152 439 198 456	5567	PRKACB
rect	152 439 198 456	5568	PRKACG
rect	152 728 198 745	5566	PRKACA
rect	152 728 198 745	5567	PRKACB
rect	152 728 198 745	5568	PRKACG
rect	828 314 941 348	NA	hsa04120
rect	1229 158 1342 183	NA	hsa03050
rect	1305 834 1418 859	NA	hsa04210
rect	698 810 811 844	NA	hsa00190
rect	1156 504 1269 538	NA	hsa00350
rect	40 45 220 70	NA	hsa05020
rect	466 424 558 458	NA	hsa04728
