shape	coords	gid	sym.path.compounds.map
circle	916 962 4	NA	C04549
circle	822 933 4	NA	C01194
circle	259 653 4	NA	C00338
circle	614 1091 4	NA	C00076
circle	578 1091 4	NA	C06124
circle	740 895 4	NA	C01561
circle	846 867 4	NA	C01673
circle	259 368 4	NA	C04465
circle	643 221 4	NA	C00076
circle	700 895 4	NA	C01561
rect	471 1044 517 1061	22925	PLA2R1
rect	471 1044 517 1061	4360	MRC1
rect	471 1044 517 1061	9902	MRC2
rect	471 792 517 809	10332	CLEC4M
rect	471 792 517 809	30835	CD209
rect	698 721 744 738	5894	RAF1
rect	1260 783 1306 800	3586	IL10
rect	841 971 887 988	5868	RAB5A
rect	841 971 887 988	5869	RAB5B
rect	841 971 887 988	5878	RAB5C
rect	841 954 887 971	5289	PIK3C3
rect	1112 954 1158 971	10312	TCIRG1
rect	1112 954 1158 971	23545	ATP6V0A2
rect	1112 954 1158 971	245972	ATP6V0D2
rect	1112 954 1158 971	50617	ATP6V0A4
rect	1112 954 1158 971	51606	ATP6V1H
rect	1112 954 1158 971	527	ATP6V0C
rect	1112 954 1158 971	533	ATP6V0B
rect	1112 954 1158 971	535	ATP6V0A1
rect	1112 954 1158 971	537	ATP6AP1
rect	1112 954 1158 971	9114	ATP6V0D1
rect	950 954 996 971	8411	EEA1
rect	1112 974 1158 991	3916	LAMP1
rect	1112 974 1158 991	3920	LAMP2
rect	1024 954 1070 971	7879	RAB7A
rect	1112 934 1158 951	1509	CTSD
rect	649 1083 695 1100	163688	CALML6
rect	649 1083 695 1100	51806	CALML5
rect	649 1083 695 1100	801	CALM1
rect	649 1083 695 1100	805	CALM2
rect	649 1083 695 1100	808	CALM3
rect	649 1083 695 1100	810	CALML3
rect	759 978 805 995	815	CAMK2A
rect	759 978 805 995	816	CAMK2B
rect	759 978 805 995	817	CAMK2D
rect	759 978 805 995	818	CAMK2G
rect	950 971 996 988	5868	RAB5A
rect	950 971 996 988	5869	RAB5B
rect	950 971 996 988	5878	RAB5C
rect	499 1083 545 1100	56848	SPHK2
rect	499 1083 545 1100	8877	SPHK1
rect	471 1171 517 1188	2209	FCGR1A
rect	471 1171 517 1188	2212	FCGR2A
rect	471 1171 517 1188	2213	FCGR2B
rect	471 1171 517 1188	2214	FCGR3A
rect	471 1171 517 1188	2215	FCGR3B
rect	471 1171 517 1188	9103	FCGR2C
rect	893 1039 939 1056	11151	CORO1A
rect	759 1123 805 1140	5530	PPP3CA
rect	759 1123 805 1140	5532	PPP3CB
rect	759 1123 805 1140	5533	PPP3CC
rect	759 1123 805 1140	5534	PPP3R1
rect	759 1123 805 1140	5535	PPP3R2
rect	471 954 517 971	3689	ITGB2
rect	471 937 517 954	3684	ITGAM
rect	909 236 955 253	1387	CREBBP
rect	909 236 955 253	2033	EP300
rect	772 259 818 276	6772	STAT1
rect	594 259 640 276	3716	JAK1
rect	594 259 640 276	3717	JAK2
rect	408 267 454 284	3460	IFNGR2
rect	337 250 383 267	3458	IFNG
rect	1057 240 1103 257	5993	RFX5
rect	1057 240 1103 257	5994	RFXAP
rect	1057 240 1103 257	8625	RFXANK
rect	1057 278 1103 295	1385	CREB1
rect	1057 259 1103 276	4800	NFYA
rect	1057 259 1103 276	4801	NFYB
rect	1057 259 1103 276	4802	NFYC
rect	408 564 454 581	7097	TLR2
rect	923 387 969 404	1051	CEBPB
rect	923 387 969 404	1054	CEBPG
rect	987 259 1033 276	4261	CIITA
rect	835 596 881 613	5594	MAPK1
rect	835 596 881 613	5595	MAPK3
rect	835 510 881 527	4790	NFKB1
rect	835 510 881 527	5970	RELA
rect	700 596 746 613	7189	TRAF6
rect	408 657 454 674	929	CD14
rect	484 597 530 614	4615	MYD88
rect	562 596 608 613	51135	IRAK4
rect	408 621 454 638	7099	TLR4
rect	408 581 454 598	10333	TLR6
rect	408 581 454 598	7096	TLR1
rect	1087 101 1133 118	836	CASP3
rect	337 102 383 119	7124	TNF
rect	408 101 454 118	7132	TNFRSF1A
rect	607 84 653 101	8717	TRADD
rect	607 101 653 118	8772	FADD
rect	694 162 740 179	10000	AKT3
rect	694 162 740 179	207	AKT1
rect	694 162 740 179	208	AKT2
rect	866 82 912 99	843	CASP10
rect	693 101 739 118	841	CASP8
rect	788 129 834 146	637	BID
rect	987 145 1033 162	54205	CYCS
rect	987 179 1033 196	317	APAF1
rect	788 162 834 179	572	BAD
rect	987 162 1033 179	842	CASP9
rect	884 162 930 179	596	BCL2
rect	884 129 930 146	581	BAX
rect	1159 270 1205 287	972	CD74
rect	1159 248 1205 265	3108	HLA-DMA
rect	1159 248 1205 265	3109	HLA-DMB
rect	1159 248 1205 265	3111	HLA-DOA
rect	1159 248 1205 265	3112	HLA-DOB
rect	1159 248 1205 265	3113	HLA-DPA1
rect	1159 248 1205 265	3115	HLA-DPB1
rect	1159 248 1205 265	3117	HLA-DQA1
rect	1159 248 1205 265	3118	HLA-DQA2
rect	1159 248 1205 265	3119	HLA-DQB1
rect	1159 248 1205 265	3122	HLA-DRA
rect	1159 248 1205 265	3123	HLA-DRB1
rect	1159 248 1205 265	3125	HLA-DRB3
rect	1159 248 1205 265	3126	HLA-DRB4
rect	1159 248 1205 265	3127	HLA-DRB5
rect	337 1172 383 1189	102723407	LOC102723407
rect	743 307 789 324	1520	CTSS
rect	337 307 383 324	3586	IL10
rect	408 299 454 316	3587	IL10RA
rect	1259 472 1305 489	7124	TNF
rect	1259 518 1305 535	3592	IL12A
rect	1259 518 1305 535	3593	IL12B
rect	1259 587 1305 604	3552	IL1A
rect	1259 587 1305 604	3553	IL1B
rect	484 580 530 597	114609	TIRAP
rect	622 674 668 691	54106	TLR9
rect	1260 663 1306 680	3439	IFNA1
rect	1260 663 1306 680	3440	IFNA2
rect	1260 663 1306 680	3441	IFNA4
rect	1260 663 1306 680	3442	IFNA5
rect	1260 663 1306 680	3443	IFNA6
rect	1260 663 1306 680	3444	IFNA7
rect	1260 663 1306 680	3445	IFNA8
rect	1260 663 1306 680	3446	IFNA10
rect	1260 663 1306 680	3447	IFNA13
rect	1260 663 1306 680	3448	IFNA14
rect	1260 663 1306 680	3449	IFNA16
rect	1260 663 1306 680	3451	IFNA17
rect	1260 663 1306 680	3452	IFNA21
rect	1259 495 1305 512	3569	IL6
rect	514 743 560 760	23365	ARHGEF12
rect	535 726 581 743	387	RHOA
rect	557 765 603 782	4046	LSP1
rect	603 773 649 790	8844	KSR1
rect	603 756 649 773	1263	PLK3
rect	471 900 517 917	3687	ITGAX
rect	471 917 517 934	3689	ITGB2
rect	471 880 517 897	1378	CR1
rect	337 528 383 545	3929	LBP
rect	918 859 964 876	7421	VDR
rect	770 847 816 864	1594	CYP27B1
rect	1259 858 1305 875	820	CAMP
rect	1259 541 1305 558	3606	IL18
rect	1259 564 1305 581	51561	IL23A
rect	645 484 691 501	64127	NOD2
rect	718 484 764 501	8767	RIPK2
rect	408 415 454 432	64581	CLEC7A
rect	508 395 554 412	6850	SYK
rect	449 432 495 449	6714	SRC
rect	666 395 712 412	64170	CARD9
rect	666 378 712 395	10892	MALT1
rect	666 412 712 429	8915	BCL10
rect	408 359 454 376	26253	CLEC4E
rect	431 376 477 393	2207	FCER1G
rect	408 250 454 267	3459	IFNGR1
rect	218 661 264 678	3329	HSPD1
rect	217 621 263 638	3313	HSPA9
rect	835 618 881 635	5599	MAPK8
rect	835 618 881 635	5601	MAPK9
rect	835 618 881 635	5602	MAPK10
rect	835 573 881 590	1432	MAPK14
rect	835 573 881 590	5600	MAPK11
rect	835 573 881 590	5603	MAPK13
rect	835 573 881 590	6300	MAPK12
rect	690 223 736 240	815	CAMK2A
rect	690 223 736 240	816	CAMK2B
rect	690 223 736 240	817	CAMK2D
rect	690 223 736 240	818	CAMK2G
rect	1260 806 1306 823	7040	TGFB1
rect	1260 806 1306 823	7042	TGFB2
rect	1260 806 1306 823	7043	TGFB3
rect	631 596 677 613	3654	IRAK1
rect	631 596 677 613	3656	IRAK2
rect	408 316 454 333	3588	IL10RB
rect	337 880 383 897	718	C3
rect	337 909 383 926	718	C3
rect	1259 405 1305 422	4843	NOS2
rect	408 528 454 545	929	CD14
rect	705 674 751 691	4615	MYD88
rect	1260 686 1306 703	3456	IFNB1
rect	40 45 171 70	NA	hsa05152
rect	579 554 695 588	NA	hsa04620
rect	1264 126 1359 160	NA	hsa04210
rect	770 216 887 250	NA	hsa04630
rect	1259 282 1375 316	NA	hsa04612
rect	576 440 692 474	NA	hsa04621
rect	802 639 918 673	NA	hsa04010
