shape	coords	gid	sym.path.compounds.map
circle	490 641 4	NA	C05981
circle	504 950 4	NA	C01245
circle	568 950 4	NA	C00076
rect	240 136 286 153	1380	CR2
rect	240 168 286 185	3122	HLA-DRA
rect	240 168 286 185	3123	HLA-DRB1
rect	240 168 286 185	3125	HLA-DRB3
rect	240 168 286 185	3126	HLA-DRB4
rect	240 168 286 185	3127	HLA-DRB5
rect	240 187 286 204	3113	HLA-DPA1
rect	240 187 286 204	3115	HLA-DPB1
rect	240 206 286 223	3117	HLA-DQA1
rect	240 206 286 223	3118	HLA-DQA2
rect	240 206 286 223	3119	HLA-DQB1
rect	166 303 212 320	3122	HLA-DRA
rect	166 303 212 320	3123	HLA-DRB1
rect	166 303 212 320	3125	HLA-DRB3
rect	166 303 212 320	3126	HLA-DRB4
rect	166 303 212 320	3127	HLA-DRB5
rect	166 323 212 340	952	CD38
rect	166 343 212 360	105369261	LOC105369261
rect	166 343 212 360	6693	SPN
rect	240 323 286 340	3105	HLA-A
rect	240 323 286 340	3106	HLA-B
rect	240 323 286 340	3107	HLA-C
rect	240 323 286 340	3133	HLA-E
rect	240 323 286 340	3134	HLA-F
rect	240 323 286 340	3135	HLA-G
rect	955 388 1001 405	11317	RBPJL
rect	955 388 1001 405	3516	RBPJ
rect	955 410 1001 427	6688	SPI1
rect	917 371 963 388	22938	SNW1
rect	1036 303 1082 320	9612	NCOR2
rect	955 280 1001 297	10014	HDAC5
rect	955 280 1001 297	9759	HDAC4
rect	722 217 768 234	10971	YWHAQ
rect	722 217 768 234	7529	YWHAB
rect	722 217 768 234	7531	YWHAE
rect	722 217 768 234	7532	YWHAG
rect	722 217 768 234	7533	YWHAH
rect	722 217 768 234	7534	YWHAZ
rect	704 196 750 213	3303	HSPA1A
rect	704 196 750 213	3304	HSPA1B
rect	704 196 750 213	3305	HSPA1L
rect	704 196 750 213	3306	HSPA2
rect	704 196 750 213	3310	HSPA6
rect	704 196 750 213	3312	HSPA8
rect	704 196 750 213	3315	HSPB1
rect	704 196 750 213	3316	HSPB2
rect	672 175 718 192	26993	AKAP8L
rect	584 227 630 244	983	CDK1
rect	377 323 423 340	3105	HLA-A
rect	377 323 423 340	3106	HLA-B
rect	377 323 423 340	3107	HLA-C
rect	377 323 423 340	3133	HLA-E
rect	377 323 423 340	3134	HLA-F
rect	377 323 423 340	3135	HLA-G
rect	1222 388 1268 405	2208	FCER2
rect	1222 407 1268 424	2268	FGR
rect	1222 426 1268 443	4609	MYC
rect	1222 369 1268 386	1380	CR2
rect	884 312 930 329	2959	GTF2B
rect	884 345 930 362	27044	SND1
rect	829 345 875 362	2960	GTF2E1
rect	829 345 875 362	2961	GTF2E2
rect	1099 311 1145 328	3065	HDAC1
rect	1099 311 1145 328	3066	HDAC2
rect	1099 373 1145 390	5757	PTMA
rect	1099 347 1145 364	1387	CREBBP
rect	1099 347 1145 364	2033	EP300
rect	871 554 917 571	1027	CDKN1B
rect	942 546 988 563	890	CCNA2
rect	942 546 988 563	8900	CCNA1
rect	942 563 988 580	1017	CDK2
rect	1016 518 1062 535	6502	SKP2
rect	1016 554 1062 571	5925	RB1
rect	600 383 646 400	7874	USP7
rect	600 430 646 447	7157	TP53
rect	364 717 410 734	8717	TRADD
rect	364 736 410 753	8737	RIPK1
rect	364 671 410 688	7185	TRAF1
rect	364 671 410 688	7186	TRAF2
rect	364 671 410 688	7187	TRAF3
rect	364 671 410 688	7188	TRAF5
rect	524 709 570 726	8517	IKBKG
rect	524 726 570 743	1147	CHUK
rect	691 733 737 750	4792	NFKBIA
rect	691 733 737 750	4793	NFKBIB
rect	691 733 737 750	4794	NFKBIE
rect	447 671 493 688	9020	MAP3K14
rect	524 671 570 688	1147	CHUK
rect	524 743 570 760	3551	IKBKB
rect	691 702 737 719	4790	NFKB1
rect	691 702 737 719	5970	RELA
rect	364 787 410 804	3654	IRAK1
rect	437 787 483 804	7189	TRAF6
rect	510 787 556 804	10454	TAB1
rect	510 787 556 804	23118	TAB2
rect	643 671 689 688	4791	NFKB2
rect	643 671 689 688	5971	RELB
rect	939 666 985 683	2208	FCER2
rect	939 685 985 702	377841	ENTPD8
rect	939 685 985 702	953	ENTPD1
rect	939 685 985 702	956	ENTPD3
rect	939 704 985 721	958	CD40
rect	939 723 985 740	960	CD44
rect	939 742 985 759	3683	ITGAL
rect	939 761 985 778	965	CD58
rect	939 780 985 797	3383	ICAM1
rect	939 847 985 864	596	BCL2
rect	939 828 985 845	7128	TNFAIP3
rect	510 804 556 821	6885	MAP3K7
rect	605 806 651 823	5609	MAP2K7
rect	605 806 651 823	6416	MAP2K4
rect	605 774 651 791	5606	MAP2K3
rect	605 774 651 791	5608	MAP2K6
rect	701 806 747 823	5599	MAPK8
rect	701 806 747 823	5601	MAPK9
rect	701 806 747 823	5602	MAPK10
rect	701 774 747 791	1432	MAPK14
rect	701 774 747 791	5600	MAPK11
rect	701 774 747 791	5603	MAPK13
rect	701 774 747 791	6300	MAPK12
rect	817 790 863 807	1386	ATF2
rect	817 790 863 807	3725	JUN
rect	284 777 330 794	3718	JAK3
rect	415 633 461 650	23533	PIK3R5
rect	415 633 461 650	5290	PIK3CA
rect	415 633 461 650	5291	PIK3CB
rect	415 633 461 650	5293	PIK3CD
rect	415 633 461 650	5294	PIK3CG
rect	415 633 461 650	5295	PIK3R1
rect	415 633 461 650	5296	PIK3R2
rect	415 633 461 650	8503	PIK3R3
rect	518 633 564 650	10000	AKT3
rect	518 633 564 650	207	AKT1
rect	518 633 564 650	208	AKT2
rect	587 633 633 650	2932	GSK3B
rect	344 911 390 928	4067	LYN
rect	403 879 449 896	6850	SYK
rect	240 919 286 936	102723407	LOC102723407
rect	240 961 286 978	930	CD19
rect	427 942 473 959	5335	PLCG1
rect	427 942 473 959	5336	PLCG2
rect	344 826 390 843	4734	NEDD4
rect	959 91 1005 108	246721	POLR2J2
rect	959 91 1005 108	5430	POLR2A
rect	959 91 1005 108	5431	POLR2B
rect	959 91 1005 108	5432	POLR2C
rect	959 91 1005 108	5433	POLR2D
rect	959 91 1005 108	5434	POLR2E
rect	959 91 1005 108	5435	POLR2F
rect	959 91 1005 108	5436	POLR2G
rect	959 91 1005 108	5437	POLR2H
rect	959 91 1005 108	5438	POLR2I
rect	959 91 1005 108	5439	POLR2J
rect	959 91 1005 108	5440	POLR2K
rect	959 91 1005 108	5441	POLR2L
rect	959 91 1005 108	548644	POLR2J3
rect	959 110 1005 127	101060521	LOC101060521
rect	959 110 1005 127	10621	POLR3F
rect	959 110 1005 127	10622	POLR3G
rect	959 110 1005 127	10623	POLR3C
rect	959 110 1005 127	11128	POLR3A
rect	959 110 1005 127	171568	POLR3H
rect	959 110 1005 127	51082	POLR1D
rect	959 110 1005 127	51728	POLR3K
rect	959 110 1005 127	5434	POLR2E
rect	959 110 1005 127	5435	POLR2F
rect	959 110 1005 127	5437	POLR2H
rect	959 110 1005 127	5440	POLR2K
rect	959 110 1005 127	5441	POLR2L
rect	959 110 1005 127	55703	POLR3B
rect	959 110 1005 127	55718	POLR3E
rect	959 110 1005 127	661	POLR3D
rect	959 110 1005 127	84265	POLR3GL
rect	959 110 1005 127	9533	POLR1C
rect	462 1026 508 1043	23586	DDX58
rect	564 1012 610 1029	1147	CHUK
rect	564 1012 610 1029	3551	IKBKB
rect	564 1044 610 1061	29110	TBK1
rect	646 1012 692 1029	4792	NFKBIA
rect	646 1012 692 1029	4793	NFKBIB
rect	646 1012 692 1029	4794	NFKBIE
rect	646 981 692 998	4790	NFKB1
rect	646 981 692 998	5970	RELA
rect	646 1044 692 1061	3661	IRF3
rect	939 981 985 998	3458	IFNG
rect	939 1043 985 1060	3586	IL10
rect	482 1083 528 1100	27102	EIF2AK1
rect	482 1083 528 1100	440275	EIF2AK4
rect	482 1083 528 1100	5610	EIF2AK2
rect	482 1083 528 1100	9451	EIF2AK3
rect	939 799 985 816	7431	VIM
rect	866 166 912 183	7514	XPO1
rect	866 183 912 200	5901	RAN
rect	786 183 832 200	8021	NUP214
rect	526 458 572 475	5566	PRKACA
rect	526 458 572 475	5567	PRKACB
rect	526 458 572 475	5568	PRKACG
rect	526 477 572 494	1457	CSNK2A1
rect	526 477 572 494	1459	CSNK2A2
rect	526 477 572 494	1460	CSNK2B
rect	526 477 572 494	283106	CSNK2A3
rect	880 447 926 464	1026	CDKN1A
rect	880 467 926 484	4193	MDM2
rect	775 468 821 485	387332	TBPL2
rect	775 468 821 485	6908	TBP
rect	775 468 821 485	9519	TBPL1
rect	178 1130 224 1147	3586	IL10
rect	240 1130 286 1147	3587	IL10RA
rect	240 1130 286 1147	3588	IL10RB
rect	282 1147 328 1164	3716	JAK1
rect	282 1147 328 1164	7297	TYK2
rect	416 1147 462 1164	6774	STAT3
rect	527 317 573 334	10213	PSMD14
rect	527 317 573 334	5700	PSMC1
rect	527 317 573 334	5701	PSMC2
rect	527 317 573 334	5702	PSMC3
rect	527 317 573 334	5704	PSMC4
rect	527 317 573 334	5705	PSMC5
rect	527 317 573 334	5706	PSMC6
rect	527 317 573 334	5707	PSMD1
rect	527 317 573 334	5708	PSMD2
rect	527 317 573 334	5709	PSMD3
rect	527 317 573 334	5710	PSMD4
rect	527 317 573 334	5713	PSMD7
rect	527 317 573 334	5714	PSMD8
rect	527 317 573 334	5717	PSMD11
rect	527 317 573 334	5718	PSMD12
rect	527 317 573 334	5719	PSMD13
rect	527 317 573 334	7979	SHFM1
rect	527 317 573 334	9861	PSMD6
rect	40 45 297 70	NA	hsa05169
rect	775 302 874 336	NA	hsa03022
rect	969 597 1121 622	NA	hsa04120
rect	140 933 232 967	NA	hsa04662
rect	589 918 734 943	NA	hsa04020
rect	753 125 845 150	NA	hsa03013
rect	678 418 798 443	NA	hsa04115
rect	867 516 932 541	NA	hsa04110
rect	733 605 897 630	NA	hsa04810
rect	1058 844 1150 869	NA	hsa04210
rect	441 987 540 1021	NA	hsa04622
rect	235 277 350 311	NA	hsa04612
rect	415 1176 572 1201	NA	hsa04630
rect	457 831 590 856	NA	hsa04010
rect	511 284 586 309	NA	hsa03050
