shape	coords	gid	sym.path.compounds.map
circle	121 536 4	NA	C00643
circle	194 539 4	NA	C00780
circle	446 475 4	NA	C00780
circle	980 651 4	NA	C00575
circle	979 455 4	NA	C01245
circle	977 486 4	NA	C00165
circle	1038 450 4	NA	C00076
circle	629 584 4	NA	C00780
circle	682 772 4	NA	C00780
circle	668 465 4	NA	C00076
circle	121 656 4	NA	C00078
circle	560 774 4	NA	C00780
circle	433 771 4	NA	C05635
circle	980 549 4	NA	C00219
circle	709 572 4	NA	C01330
circle	616 163 4	NA	C01245
circle	548 170 4	NA	C00076
circle	487 262 4	NA	C00076
circle	703 267 4	NA	C00780
circle	767 266 4	NA	C00780
circle	1121 536 4	NA	C14771
circle	1159 536 4	NA	C14775
circle	1121 563 4	NA	C05356
circle	1160 563 4	NA	C00909
circle	1121 593 4	NA	C05956
circle	1160 593 4	NA	C02198
circle	986 699 4	NA	C00165
circle	968 733 4	NA	C01245
circle	1041 732 4	NA	C00076
circle	805 797 4	NA	C00238
circle	718 389 4	NA	C00076
circle	714 741 4	NA	C00076
rect	732 609 778 626	3360	HTR4
rect	732 609 778 626	3362	HTR6
rect	732 609 778 626	3363	HTR7
rect	662 210 708 227	3356	HTR2A
rect	662 210 708 227	3357	HTR2B
rect	662 210 708 227	3358	HTR2C
rect	219 532 265 549	6570	SLC18A1
rect	219 532 265 549	6571	SLC18A2
rect	815 610 861 627	2778	GNAS
rect	898 641 944 658	111	ADCY5
rect	1019 616 1065 633	5566	PRKACA
rect	1019 616 1065 633	5567	PRKACB
rect	1019 616 1065 633	5568	PRKACG
rect	819 476 865 493	2776	GNAQ
rect	897 476 943 493	23236	PLCB1
rect	897 476 943 493	5330	PLCB2
rect	897 476 943 493	5331	PLCB3
rect	897 476 943 493	5332	PLCB4
rect	1016 407 1062 424	3708	ITPR1
rect	1016 407 1062 424	3709	ITPR2
rect	1016 407 1062 424	3710	ITPR3
rect	1019 476 1065 493	5578	PRKCA
rect	1019 476 1065 493	5579	PRKCB
rect	1019 476 1065 493	5582	PRKCG
rect	130 548 176 565	1644	DDC
rect	601 764 647 781	6532	SLC6A4
rect	601 457 647 474	773	CACNA1A
rect	601 457 647 474	774	CACNA1B
rect	732 656 778 673	3350	HTR1A
rect	732 656 778 673	3351	HTR1B
rect	732 656 778 673	3352	HTR1D
rect	732 656 778 673	3354	HTR1E
rect	732 656 778 673	3355	HTR1F
rect	818 691 864 708	10681	GNB5
rect	818 691 864 708	2770	GNAI1
rect	818 691 864 708	2771	GNAI2
rect	818 691 864 708	2773	GNAI3
rect	818 691 864 708	2775	GNAO1
rect	818 691 864 708	2782	GNB1
rect	818 691 864 708	2783	GNB2
rect	818 691 864 708	2784	GNB3
rect	818 691 864 708	2785	GNG3
rect	818 691 864 708	2786	GNG4
rect	818 691 864 708	2787	GNG5
rect	818 691 864 708	2788	GNG7
rect	818 691 864 708	2790	GNG10
rect	818 691 864 708	2791	GNG11
rect	818 691 864 708	2792	GNGT1
rect	818 691 864 708	2793	GNGT2
rect	818 691 864 708	51764	GNG13
rect	818 691 864 708	54331	GNG2
rect	818 691 864 708	55970	GNG12
rect	818 691 864 708	59345	GNB4
rect	818 691 864 708	94235	GNG8
rect	1019 656 1065 673	10411	RAPGEF3
rect	126 610 172 627	121278	TPH2
rect	126 610 172 627	7166	TPH1
rect	732 691 778 708	3361	HTR5A
rect	473 780 519 797	4128	MAOA
rect	473 780 519 797	4129	MAOB
rect	743 211 789 228	6532	SLC6A4
rect	541 312 587 329	3351	HTR1B
rect	732 472 778 489	3356	HTR2A
rect	732 472 778 489	3357	HTR2B
rect	732 472 778 489	3358	HTR2C
rect	896 540 942 557	100137049	PLA2G4B
rect	896 540 942 557	123745	PLA2G4E
rect	896 540 942 557	255189	PLA2G4F
rect	896 540 942 557	283748	PLA2G4D
rect	896 540 942 557	5321	PLA2G4A
rect	896 540 942 557	8605	PLA2G4C
rect	896 540 942 557	8681	JMJD7-PLA2G4B
rect	732 380 778 397	775	CACNA1C
rect	732 380 778 397	776	CACNA1D
rect	732 380 778 397	778	CACNA1F
rect	732 380 778 397	779	CACNA1S
rect	732 563 778 580	170572	HTR3C
rect	732 563 778 580	200909	HTR3D
rect	732 563 778 580	285242	HTR3E
rect	732 563 778 580	3359	HTR3A
rect	732 563 778 580	9177	HTR3B
rect	662 156 708 173	2776	GNAQ
rect	663 103 709 120	23236	PLCB1
rect	663 103 709 120	5330	PLCB2
rect	663 103 709 120	5331	PLCB3
rect	663 103 709 120	5332	PLCB4
rect	462 210 508 227	7220	TRPC1
rect	524 129 570 146	3708	ITPR1
rect	524 129 570 146	3709	ITPR2
rect	524 129 570 146	3710	ITPR3
rect	1019 514 1065 531	1557	CYP2C19
rect	1019 514 1065 531	1558	CYP2C8
rect	1019 514 1065 531	1559	CYP2C9
rect	1019 514 1065 531	1562	CYP2C18
rect	1019 514 1065 531	1565	CYP2D6
rect	1019 514 1065 531	1573	CYP2J2
rect	1019 514 1065 531	260293	CYP4X1
rect	1019 540 1065 557	239	ALOX12
rect	1019 540 1065 557	240	ALOX5
rect	1019 540 1065 557	242	ALOX12B
rect	1019 540 1065 557	246	ALOX15
rect	1019 540 1065 557	247	ALOX15B
rect	1019 569 1065 586	5742	PTGS1
rect	1019 569 1065 586	5743	PTGS2
rect	899 691 945 708	23236	PLCB1
rect	899 691 945 708	5330	PLCB2
rect	899 691 945 708	5331	PLCB3
rect	899 691 945 708	5332	PLCB4
rect	975 759 1021 776	3708	ITPR1
rect	975 759 1021 776	3709	ITPR2
rect	975 759 1021 776	3710	ITPR3
rect	1188 690 1234 707	836	CASP3
rect	1188 724 1234 741	5594	MAPK1
rect	1188 724 1234 741	5595	MAPK3
rect	1099 690 1145 707	5578	PRKCA
rect	1099 724 1145 741	1843	DUSP1
rect	732 734 778 751	773	CACNA1A
rect	732 734 778 751	774	CACNA1B
rect	732 790 778 807	3760	KCNJ3
rect	732 790 778 807	3762	KCNJ5
rect	732 790 778 807	3763	KCNJ6
rect	732 790 778 807	3765	KCNJ9
rect	1064 810 1110 827	3265	HRAS
rect	1064 810 1110 827	3845	KRAS
rect	1064 810 1110 827	4893	NRAS
rect	1124 783 1170 800	369	ARAF
rect	1124 783 1170 800	5894	RAF1
rect	1124 783 1170 800	673	BRAF
rect	1159 755 1205 772	5604	MAP2K1
rect	1120 658 1166 675	351	APP
rect	1120 611 1166 628	3751	KCND2
rect	1120 611 1166 628	3781	KCNN2
rect	1120 634 1166 651	2560	GABRB1
rect	1120 634 1166 651	2561	GABRB2
rect	1120 634 1166 651	2562	GABRB3
rect	1127 477 1173 494	5594	MAPK1
rect	1127 477 1173 494	5595	MAPK3
rect	40 45 252 70	NA	hsa04976
rect	99 679 191 713	NA	hsa00380
rect	382 544 488 578	NA	hsa04721
rect	843 406 949 440	NA	hsa04020
rect	1214 495 1318 529	NA	hsa00590
