shape	coords	gid	sym.path.compounds.map
circle	872 282 4	NA	C05981
circle	888 660 4	NA	C00165
circle	889 703 4	NA	C01245
circle	949 703 4	NA	C00076
circle	684 421 4	NA	C00044
circle	357 116 4	NA	C00035
circle	280 467 4	NA	C00076
circle	400 305 4	NA	C00165
circle	400 262 4	NA	C01245
circle	449 260 4	NA	C00076
circle	278 423 4	NA	C00575
rect	1022 418 1068 435	5594	MAPK1
rect	1022 418 1068 435	5595	MAPK3
rect	949 418 995 435	5604	MAP2K1
rect	949 418 995 435	5605	MAP2K2
rect	831 418 877 435	5894	RAF1
rect	660 441 706 458	22800	RRAS2
rect	660 441 706 458	22808	MRAS
rect	660 441 706 458	3265	HRAS
rect	660 441 706 458	3845	KRAS
rect	660 441 706 458	4893	NRAS
rect	660 441 706 458	6237	RRAS
rect	248 211 294 228	2885	GRB2
rect	375 224 421 241	6654	SOS1
rect	375 224 421 241	6655	SOS2
rect	911 274 957 291	10000	AKT3
rect	911 274 957 291	207	AKT1
rect	911 274 957 291	208	AKT2
rect	784 274 830 291	23533	PIK3R5
rect	784 274 830 291	5290	PIK3CA
rect	784 274 830 291	5291	PIK3CB
rect	784 274 830 291	5293	PIK3CD
rect	784 274 830 291	5294	PIK3CG
rect	784 274 830 291	5295	PIK3R1
rect	784 274 830 291	5296	PIK3R2
rect	784 274 830 291	8503	PIK3R3
rect	248 237 294 254	25759	SHC2
rect	248 237 294 254	399694	SHC4
rect	248 237 294 254	53358	SHC3
rect	248 237 294 254	6464	SHC1
rect	99 296 145 313	1435	CSF1
rect	99 296 145 313	1942	EFNA1
rect	99 296 145 313	1943	EFNA2
rect	99 296 145 313	1944	EFNA3
rect	99 296 145 313	1945	EFNA4
rect	99 296 145 313	1946	EFNA5
rect	99 296 145 313	1950	EGF
rect	99 296 145 313	2246	FGF1
rect	99 296 145 313	2247	FGF2
rect	99 296 145 313	2248	FGF3
rect	99 296 145 313	2249	FGF4
rect	99 296 145 313	2250	FGF5
rect	99 296 145 313	2251	FGF6
rect	99 296 145 313	2252	FGF7
rect	99 296 145 313	2253	FGF8
rect	99 296 145 313	2254	FGF9
rect	99 296 145 313	2255	FGF10
rect	99 296 145 313	2256	FGF11
rect	99 296 145 313	2257	FGF12
rect	99 296 145 313	2258	FGF13
rect	99 296 145 313	2259	FGF14
rect	99 296 145 313	2277	FIGF
rect	99 296 145 313	26281	FGF20
rect	99 296 145 313	26291	FGF21
rect	99 296 145 313	27006	FGF22
rect	99 296 145 313	284	ANGPT1
rect	99 296 145 313	285	ANGPT2
rect	99 296 145 313	3082	HGF
rect	99 296 145 313	3479	IGF1
rect	99 296 145 313	3630	INS
rect	99 296 145 313	4254	KITLG
rect	99 296 145 313	4803	NGF
rect	99 296 145 313	51378	ANGPT4
rect	99 296 145 313	5154	PDGFA
rect	99 296 145 313	5155	PDGFB
rect	99 296 145 313	5228	PGF
rect	99 296 145 313	56034	PDGFC
rect	99 296 145 313	7422	VEGFA
rect	99 296 145 313	7423	VEGFB
rect	99 296 145 313	7424	VEGFC
rect	99 296 145 313	80310	PDGFD
rect	99 296 145 313	8074	FGF23
rect	99 296 145 313	8817	FGF18
rect	99 296 145 313	8822	FGF17
rect	99 296 145 313	8823	FGF16
rect	99 296 145 313	9965	FGF19
rect	177 296 223 313	1436	CSF1R
rect	177 296 223 313	1956	EGFR
rect	177 296 223 313	1969	EPHA2
rect	177 296 223 313	2260	FGFR1
rect	177 296 223 313	2261	FGFR3
rect	177 296 223 313	2263	FGFR2
rect	177 296 223 313	2264	FGFR4
rect	177 296 223 313	2321	FLT1
rect	177 296 223 313	2324	FLT4
rect	177 296 223 313	3480	IGF1R
rect	177 296 223 313	3643	INSR
rect	177 296 223 313	3791	KDR
rect	177 296 223 313	3815	KIT
rect	177 296 223 313	4233	MET
rect	177 296 223 313	4804	NGFR
rect	177 296 223 313	5156	PDGFRA
rect	177 296 223 313	5159	PDGFRB
rect	177 296 223 313	7010	TEK
rect	300 211 346 228	2549	GAB1
rect	300 211 346 228	9846	GAB2
rect	300 237 346 254	5781	PTPN11
rect	784 180 830 197	7074	TIAM1
rect	858 180 904 197	5879	RAC1
rect	858 180 904 197	5880	RAC2
rect	858 180 904 197	5881	RAC3
rect	784 563 830 580	5900	RALGDS
rect	784 586 830 603	23179	RGL1
rect	784 610 830 627	5863	RGL2
rect	862 586 908 603	5898	RALA
rect	862 586 908 603	5899	RALB
rect	946 585 992 602	5337	PLD1
rect	946 585 992 602	5338	PLD2
rect	784 673 830 690	51196	PLCE1
rect	940 653 986 670	5578	PRKCA
rect	940 653 986 670	5579	PRKCB
rect	940 653 986 670	5582	PRKCG
rect	866 737 912 754	25	ABL1
rect	866 737 912 754	27	ABL2
rect	784 752 830 769	9610	RIN1
rect	1002 274 1048 291	572	BAD
rect	1083 274 1129 291	598	BCL2L1
rect	1002 236 1048 253	1147	CHUK
rect	1002 236 1048 253	3551	IKBKB
rect	1002 236 1048 253	8517	IKBKG
rect	1082 236 1128 253	4790	NFKB1
rect	1082 236 1128 253	5970	RELA
rect	1003 311 1049 328	4303	FOXO4
rect	1084 311 1130 328	356	FASLG
rect	944 533 990 550	5599	MAPK8
rect	944 533 990 550	5601	MAPK9
rect	944 533 990 550	5602	MAPK10
rect	946 616 992 633	10928	RALBP1
rect	1046 605 1092 622	998	CDC42
rect	1046 627 1092 644	5879	RAC1
rect	1046 627 1092 644	5880	RAC2
rect	1046 627 1092 644	5881	RAC3
rect	1114 379 1160 396	100137049	PLA2G4B
rect	1114 379 1160 396	11145	PLA2G16
rect	1114 379 1160 396	123745	PLA2G4E
rect	1114 379 1160 396	255189	PLA2G4F
rect	1114 379 1160 396	26279	PLA2G2D
rect	1114 379 1160 396	283748	PLA2G4D
rect	1114 379 1160 396	30814	PLA2G2E
rect	1114 379 1160 396	391013	PLA2G2C
rect	1114 379 1160 396	50487	PLA2G3
rect	1114 379 1160 396	51365	PLA1A
rect	1114 379 1160 396	5319	PLA2G1B
rect	1114 379 1160 396	5320	PLA2G2A
rect	1114 379 1160 396	5321	PLA2G4A
rect	1114 379 1160 396	5322	PLA2G5
rect	1114 379 1160 396	64600	PLA2G2F
rect	1114 379 1160 396	81579	PLA2G12A
rect	1114 379 1160 396	8398	PLA2G6
rect	1114 379 1160 396	8399	PLA2G10
rect	1114 379 1160 396	84647	PLA2G12B
rect	1114 379 1160 396	8605	PLA2G4C
rect	1114 379 1160 396	8681	JMJD7-PLA2G4B
rect	1114 409 1160 426	2002	ELK1
rect	1114 430 1160 447	2113	ETS1
rect	1114 430 1160 447	2114	ETS2
rect	866 773 912 790	5868	RAB5A
rect	866 773 912 790	5869	RAB5B
rect	866 773 912 790	5878	RAB5C
rect	334 136 380 153	22800	RRAS2
rect	334 136 380 153	22808	MRAS
rect	334 136 380 153	3265	HRAS
rect	334 136 380 153	3845	KRAS
rect	334 136 380 153	4893	NRAS
rect	334 136 380 153	6237	RRAS
rect	438 296 484 313	10125	RASGRP1
rect	438 296 484 313	10235	RASGRP2
rect	438 296 484 313	115727	RASGRP4
rect	438 296 484 313	25780	RASGRP3
rect	523 379 569 396	5923	RASGRF1
rect	523 379 569 396	5924	RASGRF2
rect	512 222 558 239	100271927	RASA4B
rect	512 222 558 239	10156	RASA4
rect	512 222 558 239	22821	RASA3
rect	512 222 558 239	5921	RASA1
rect	512 222 558 239	5922	RASA2
rect	512 222 558 239	64926	RASAL3
rect	512 222 558 239	8437	RASAL1
rect	512 222 558 239	8831	SYNGAP1
rect	512 222 558 239	9462	RASAL2
rect	484 191 530 208	4763	NF1
rect	1002 199 1048 216	387	RHOA
rect	784 346 830 363	4301	MLLT4
rect	784 124 830 141	83593	RASSF5
rect	784 96 830 113	11186	RASSF1
rect	858 96 904 113	6789	STK4
rect	858 124 904 141	6789	STK4
rect	784 493 830 510	9771	RAPGEF5
rect	862 493 908 510	5906	RAP1A
rect	862 493 908 510	5908	RAP1B
rect	573 513 619 530	83593	RASSF5
rect	573 545 619 562	7074	TIAM1
rect	573 572 619 589	23533	PIK3R5
rect	573 572 619 589	5290	PIK3CA
rect	573 572 619 589	5291	PIK3CB
rect	573 572 619 589	5293	PIK3CD
rect	573 572 619 589	5294	PIK3CG
rect	573 572 619 589	5295	PIK3R1
rect	573 572 619 589	5296	PIK3R2
rect	573 572 619 589	8503	PIK3R3
rect	573 602 619 619	4301	MLLT4
rect	573 632 619 649	5894	RAF1
rect	573 679 619 696	9771	RAPGEF5
rect	573 708 619 725	5900	RALGDS
rect	573 736 619 753	51196	PLCE1
rect	573 766 619 783	9610	RIN1
rect	454 593 500 610	3265	HRAS
rect	454 593 500 610	3845	KRAS
rect	454 593 500 610	4893	NRAS
rect	454 657 500 674	22808	MRAS
rect	455 702 501 719	6237	RRAS
rect	573 792 619 809	10928	RALBP1
rect	784 813 830 830	10928	RALBP1
rect	866 813 912 830	382	ARF6
rect	947 813 993 830	5879	RAC1
rect	367 593 413 610	6654	SOS1
rect	367 702 413 719	5923	RASGRF1
rect	367 657 413 674	10125	RASGRP1
rect	367 657 413 674	10235	RASGRP2
rect	367 657 413 674	115727	RASGRP4
rect	367 657 413 674	25780	RASGRP3
rect	177 458 223 475	2902	GRIN1
rect	177 458 223 475	2903	GRIN2A
rect	177 458 223 475	2904	GRIN2B
rect	327 456 373 473	163688	CALML6
rect	327 456 373 473	51806	CALML5
rect	327 456 373 473	801	CALM1
rect	327 456 373 473	805	CALM2
rect	327 456 373 473	808	CALM3
rect	327 456 373 473	810	CALML3
rect	288 379 334 396	10681	GNB5
rect	288 379 334 396	2782	GNB1
rect	288 379 334 396	2783	GNB2
rect	288 379 334 396	2784	GNB3
rect	288 379 334 396	2785	GNG3
rect	288 379 334 396	2786	GNG4
rect	288 379 334 396	2787	GNG5
rect	288 379 334 396	2788	GNG7
rect	288 379 334 396	2790	GNG10
rect	288 379 334 396	2791	GNG11
rect	288 379 334 396	2792	GNGT1
rect	288 379 334 396	2793	GNGT2
rect	288 379 334 396	51764	GNG13
rect	288 379 334 396	54331	GNG2
rect	288 379 334 396	55970	GNG12
rect	288 379 334 396	59345	GNB4
rect	288 379 334 396	94235	GNG8
rect	177 379 223 396	3363	HTR7
rect	310 296 356 313	5335	PLCG1
rect	310 296 356 313	5336	PLCG2
rect	248 334 294 351	7535	ZAP70
rect	318 334 364 351	27040	LAT
rect	1002 167 1048 184	10298	PAK4
rect	1002 167 1048 184	5058	PAK1
rect	1002 167 1048 184	5062	PAK2
rect	1002 167 1048 184	5063	PAK3
rect	1002 167 1048 184	56924	PAK6
rect	1002 167 1048 184	57144	PAK7
rect	944 559 990 576	55770	EXOC2
rect	1044 560 1090 577	29110	TBK1
rect	1119 560 1165 577	5966	REL
rect	784 466 830 483	8315	BRAP
rect	909 438 955 455	283455	KSR2
rect	909 438 955 455	8844	KSR1
rect	573 656 619 673	8315	BRAP
rect	328 416 374 433	5566	PRKACA
rect	328 416 374 433	5567	PRKACB
rect	328 416 374 433	5568	PRKACG
rect	760 397 806 414	8036	SHOC2
rect	882 372 992 406	NA	hsa04010
rect	40 45 273 70	NA	hsa04917
rect	842 305 952 339	NA	hsa04151
rect	996 669 1106 703	NA	hsa04020
rect	1091 750 1183 775	NA	hsa04144
rect	1062 145 1172 179	NA	hsa04810
rect	481 430 617 455	NA	hsa04720
rect	388 331 498 365	NA	hsa04660
rect	930 486 1040 520	NA	hsa04010
