shape	coords	gid	sym.path.compounds.map
circle	121 536 4	NA	C00643
circle	194 539 4	NA	C00780
circle	446 475 4	NA	C00780
circle	980 651 4	NA	C00575
circle	979 455 4	NA	C01245
circle	977 486 4	NA	C00165
circle	1038 450 4	NA	C00076
circle	629 584 4	NA	C00780
circle	682 772 4	NA	C00780
circle	668 465 4	NA	C00076
circle	121 656 4	NA	C00078
circle	560 774 4	NA	C00780
circle	433 771 4	NA	C05635
circle	980 549 4	NA	C00219
circle	709 572 4	NA	C01330
circle	616 163 4	NA	C01245
circle	548 170 4	NA	C00076
circle	487 262 4	NA	C00076
circle	703 267 4	NA	C00780
circle	767 266 4	NA	C00780
circle	1121 536 4	NA	C14771
circle	1159 536 4	NA	C14775
circle	1121 563 4	NA	C05356
circle	1160 563 4	NA	C00909
circle	1121 593 4	NA	C05956
circle	1160 593 4	NA	C02198
circle	986 699 4	NA	C00165
circle	968 733 4	NA	C01245
circle	1041 732 4	NA	C00076
circle	805 797 4	NA	C00238
circle	718 389 4	NA	C00076
circle	714 741 4	NA	C00076
rect	732 609 778 626	15562	Htr4
rect	732 609 778 626	15565	Htr6
rect	732 609 778 626	15566	Htr7
rect	662 210 708 227	15558	Htr2a
rect	662 210 708 227	15559	Htr2b
rect	662 210 708 227	15560	Htr2c
rect	219 532 265 549	110877	Slc18a1
rect	219 532 265 549	214084	Slc18a2
rect	815 610 861 627	14683	Gnas
rect	898 641 944 658	224129	Adcy5
rect	1019 616 1065 633	18747	Prkaca
rect	1019 616 1065 633	18749	Prkacb
rect	819 476 865 493	14682	Gnaq
rect	897 476 943 493	18795	Plcb1
rect	897 476 943 493	18796	Plcb2
rect	897 476 943 493	18797	Plcb3
rect	897 476 943 493	18798	Plcb4
rect	1016 407 1062 424	16438	Itpr1
rect	1016 407 1062 424	16439	Itpr2
rect	1016 407 1062 424	16440	Itpr3
rect	1019 476 1065 493	18750	Prkca
rect	1019 476 1065 493	18751	Prkcb
rect	1019 476 1065 493	18752	Prkcg
rect	130 548 176 565	13195	Ddc
rect	601 764 647 781	15567	Slc6a4
rect	601 457 647 474	12286	Cacna1a
rect	601 457 647 474	12287	Cacna1b
rect	732 656 778 673	15550	Htr1a
rect	732 656 778 673	15551	Htr1b
rect	732 656 778 673	15552	Htr1d
rect	732 656 778 673	15557	Htr1f
rect	818 691 864 708	100043507	Gm15776
rect	818 691 864 708	100503710	Gm5741
rect	818 691 864 708	102641276	LOC102641276
rect	818 691 864 708	14677	Gnai1
rect	818 691 864 708	14678	Gnai2
rect	818 691 864 708	14679	Gnai3
rect	818 691 864 708	14681	Gnao1
rect	818 691 864 708	14688	Gnb1
rect	818 691 864 708	14693	Gnb2
rect	818 691 864 708	14695	Gnb3
rect	818 691 864 708	14696	Gnb4
rect	818 691 864 708	14697	Gnb5
rect	818 691 864 708	14699	Gngt1
rect	818 691 864 708	14700	Gng10
rect	818 691 864 708	14701	Gng12
rect	818 691 864 708	14702	Gng2
rect	818 691 864 708	14704	Gng3
rect	818 691 864 708	14706	Gng4
rect	818 691 864 708	14707	Gng5
rect	818 691 864 708	14708	Gng7
rect	818 691 864 708	14709	Gng8
rect	818 691 864 708	14710	Gngt2
rect	818 691 864 708	64337	Gng13
rect	818 691 864 708	66066	Gng11
rect	1019 656 1065 673	223864	Rapgef3
rect	126 610 172 627	216343	Tph2
rect	126 610 172 627	21990	Tph1
rect	732 691 778 708	15563	Htr5a
rect	732 691 778 708	15564	Htr5b
rect	473 780 519 797	109731	Maob
rect	473 780 519 797	17161	Maoa
rect	743 211 789 228	15567	Slc6a4
rect	541 312 587 329	15551	Htr1b
rect	732 472 778 489	15558	Htr2a
rect	732 472 778 489	15559	Htr2b
rect	732 472 778 489	15560	Htr2c
rect	896 540 942 557	18783	Pla2g4a
rect	896 540 942 557	211429	Pla2g4b
rect	896 540 942 557	232889	Pla2g4c
rect	896 540 942 557	271844	Pla2g4f
rect	896 540 942 557	329502	Pla2g4e
rect	896 540 942 557	78390	Pla2g4d
rect	732 380 778 397	12288	Cacna1c
rect	732 380 778 397	12289	Cacna1d
rect	732 380 778 397	12292	Cacna1s
rect	732 380 778 397	54652	Cacna1f
rect	732 563 778 580	15561	Htr3a
rect	732 563 778 580	57014	Htr3b
rect	662 156 708 173	14682	Gnaq
rect	663 103 709 120	18795	Plcb1
rect	663 103 709 120	18796	Plcb2
rect	663 103 709 120	18797	Plcb3
rect	663 103 709 120	18798	Plcb4
rect	462 210 508 227	22063	Trpc1
rect	524 129 570 146	16438	Itpr1
rect	524 129 570 146	16439	Itpr2
rect	524 129 570 146	16440	Itpr3
rect	1019 514 1065 531	100066	Cyp2j11
rect	1019 514 1065 531	107141	Cyp2c50
rect	1019 514 1065 531	13095	Cyp2c29
rect	1019 514 1065 531	13096	Cyp2c37
rect	1019 514 1065 531	13097	Cyp2c38
rect	1019 514 1065 531	13098	Cyp2c39
rect	1019 514 1065 531	13099	Cyp2c40
rect	1019 514 1065 531	13101	Cyp2d10
rect	1019 514 1065 531	13105	Cyp2d9
rect	1019 514 1065 531	13109	Cyp2j5
rect	1019 514 1065 531	13110	Cyp2j6
rect	1019 514 1065 531	223706	Cyp2d34
rect	1019 514 1065 531	226105	Cyp2c70
rect	1019 514 1065 531	226143	Cyp2c44
rect	1019 514 1065 531	230459	Cyp2j13
rect	1019 514 1065 531	242546	Cyp2j12
rect	1019 514 1065 531	380997	Cyp2d12
rect	1019 514 1065 531	404195	Cyp2c54
rect	1019 514 1065 531	433247	Cyp2c68
rect	1019 514 1065 531	545123	Cyp2d11
rect	1019 514 1065 531	56448	Cyp2d22
rect	1019 514 1065 531	665095	Cyp2j8
rect	1019 514 1065 531	69888	Cyp2c66
rect	1019 514 1065 531	71754	Cyp2d40
rect	1019 514 1065 531	72082	Cyp2c55
rect	1019 514 1065 531	72303	Cyp2c65
rect	1019 514 1065 531	74519	Cyp2j9
rect	1019 514 1065 531	76279	Cyp2d26
rect	1019 514 1065 531	81906	Cyp4x1
rect	1019 540 1065 557	11684	Alox12
rect	1019 540 1065 557	11685	Alox12e
rect	1019 540 1065 557	11686	Alox12b
rect	1019 540 1065 557	11687	Alox15
rect	1019 540 1065 557	11688	Alox8
rect	1019 540 1065 557	11689	Alox5
rect	1019 569 1065 586	19224	Ptgs1
rect	1019 569 1065 586	19225	Ptgs2
rect	899 691 945 708	18795	Plcb1
rect	899 691 945 708	18796	Plcb2
rect	899 691 945 708	18797	Plcb3
rect	899 691 945 708	18798	Plcb4
rect	975 759 1021 776	16438	Itpr1
rect	975 759 1021 776	16439	Itpr2
rect	975 759 1021 776	16440	Itpr3
rect	1188 690 1234 707	12367	Casp3
rect	1188 724 1234 741	26413	Mapk1
rect	1188 724 1234 741	26417	Mapk3
rect	1099 690 1145 707	18750	Prkca
rect	1099 724 1145 741	19252	Dusp1
rect	732 734 778 751	12286	Cacna1a
rect	732 734 778 751	12287	Cacna1b
rect	732 790 778 807	16519	Kcnj3
rect	732 790 778 807	16521	Kcnj5
rect	732 790 778 807	16522	Kcnj6
rect	732 790 778 807	16524	Kcnj9
rect	1064 810 1110 827	15461	Hras
rect	1064 810 1110 827	16653	Kras
rect	1064 810 1110 827	18176	Nras
rect	1124 783 1170 800	109880	Braf
rect	1124 783 1170 800	110157	Raf1
rect	1124 783 1170 800	11836	Araf
rect	1159 755 1205 772	26395	Map2k1
rect	1120 658 1166 675	11820	App
rect	1120 611 1166 628	140492	Kcnn2
rect	1120 611 1166 628	16508	Kcnd2
rect	1120 634 1166 651	14400	Gabrb1
rect	1120 634 1166 651	14401	Gabrb2
rect	1120 634 1166 651	14402	Gabrb3
rect	1127 477 1173 494	26413	Mapk1
rect	1127 477 1173 494	26417	Mapk3
rect	40 45 252 70	NA	mmu04976
rect	99 679 191 713	NA	mmu00380
rect	382 544 488 578	NA	mmu04721
rect	843 406 949 440	NA	mmu04020
rect	1214 495 1318 529	NA	mmu00590
