shape	coords	gid	sym.path.compounds.map
circle	916 962 4	NA	C04549
circle	822 933 4	NA	C01194
circle	259 653 4	NA	C00338
circle	614 1091 4	NA	C00076
circle	578 1091 4	NA	C06124
circle	740 895 4	NA	C01561
circle	846 867 4	NA	C01673
circle	259 368 4	NA	C04465
circle	643 221 4	NA	C00076
circle	700 895 4	NA	C01561
rect	471 1044 517 1061	17533	Mrc1
rect	471 1044 517 1061	17534	Mrc2
rect	471 1044 517 1061	18779	Pla2r1
rect	471 792 517 809	170776	Cd209c
rect	471 792 517 809	170779	Cd209d
rect	471 792 517 809	170780	Cd209e
rect	471 792 517 809	170786	Cd209a
rect	471 792 517 809	69142	Cd209f
rect	471 792 517 809	69165	Cd209b
rect	471 792 517 809	70192	Cd209g
rect	698 721 744 738	110157	Raf1
rect	1260 783 1306 800	16153	Il10
rect	841 971 887 988	19344	Rab5b
rect	841 971 887 988	19345	Rab5c
rect	841 971 887 988	271457	Rab5a
rect	841 954 887 971	225326	Pik3c3
rect	1112 954 1158 971	108664	Atp6v1h
rect	1112 954 1158 971	114143	Atp6v0b
rect	1112 954 1158 971	11972	Atp6v0d1
rect	1112 954 1158 971	11975	Atp6v0a1
rect	1112 954 1158 971	11984	Atp6v0c
rect	1112 954 1158 971	140494	Atp6v0a4
rect	1112 954 1158 971	21871	Atp6v0a2
rect	1112 954 1158 971	242341	Atp6v0d2
rect	1112 954 1158 971	27060	Tcirg1
rect	1112 954 1158 971	54411	Atp6ap1
rect	950 954 996 971	216238	Eea1
rect	1112 974 1158 991	16783	Lamp1
rect	1112 974 1158 991	16784	Lamp2
rect	1024 954 1070 971	19349	Rab7
rect	1112 934 1158 951	13033	Ctsd
rect	649 1083 695 1100	12313	Calm1
rect	649 1083 695 1100	12314	Calm2
rect	649 1083 695 1100	12315	Calm3
rect	649 1083 695 1100	494124	Calm5
rect	649 1083 695 1100	70405	Calml3
rect	649 1083 695 1100	80796	Calm4
rect	759 978 805 995	108058	Camk2d
rect	759 978 805 995	12322	Camk2a
rect	759 978 805 995	12323	Camk2b
rect	759 978 805 995	12325	Camk2g
rect	950 971 996 988	19344	Rab5b
rect	950 971 996 988	19345	Rab5c
rect	950 971 996 988	271457	Rab5a
rect	499 1083 545 1100	20698	Sphk1
rect	499 1083 545 1100	56632	Sphk2
rect	471 1171 517 1188	14129	Fcgr1
rect	471 1171 517 1188	14130	Fcgr2b
rect	471 1171 517 1188	14131	Fcgr3
rect	471 1171 517 1188	246256	Fcgr4
rect	893 1039 939 1056	12721	Coro1a
rect	759 1123 805 1140	19055	Ppp3ca
rect	759 1123 805 1140	19056	Ppp3cb
rect	759 1123 805 1140	19057	Ppp3cc
rect	759 1123 805 1140	19058	Ppp3r1
rect	759 1123 805 1140	19059	Ppp3r2
rect	471 954 517 971	16414	Itgb2
rect	471 954 517 971	16415	Itgb2l
rect	471 937 517 954	16409	Itgam
rect	909 236 955 253	12914	Crebbp
rect	909 236 955 253	328572	Ep300
rect	772 259 818 276	20846	Stat1
rect	594 259 640 276	16451	Jak1
rect	594 259 640 276	16452	Jak2
rect	408 267 454 284	15980	Ifngr2
rect	337 250 383 267	15978	Ifng
rect	1057 240 1103 257	170767	Rfxap
rect	1057 240 1103 257	19727	Rfxank
rect	1057 240 1103 257	53970	Rfx5
rect	1057 278 1103 295	12912	Creb1
rect	1057 259 1103 276	18044	Nfya
rect	1057 259 1103 276	18045	Nfyb
rect	1057 259 1103 276	18046	Nfyc
rect	408 564 454 581	24088	Tlr2
rect	923 387 969 404	12608	Cebpb
rect	923 387 969 404	12611	Cebpg
rect	987 259 1033 276	12265	Ciita
rect	835 596 881 613	26413	Mapk1
rect	835 596 881 613	26417	Mapk3
rect	835 510 881 527	18033	Nfkb1
rect	835 510 881 527	19697	Rela
rect	700 596 746 613	22034	Traf6
rect	408 657 454 674	12475	Cd14
rect	484 597 530 614	17874	Myd88
rect	562 596 608 613	266632	Irak4
rect	408 621 454 638	21898	Tlr4
rect	408 581 454 598	21897	Tlr1
rect	408 581 454 598	21899	Tlr6
rect	1087 101 1133 118	12367	Casp3
rect	337 102 383 119	21926	Tnf
rect	408 101 454 118	21937	Tnfrsf1a
rect	607 84 653 101	105242493	LOC105242493
rect	607 84 653 101	71609	Tradd
rect	607 101 653 118	14082	Fadd
rect	694 162 740 179	11651	Akt1
rect	694 162 740 179	11652	Akt2
rect	694 162 740 179	23797	Akt3
rect	693 101 739 118	12370	Casp8
rect	788 129 834 146	12122	Bid
rect	987 145 1033 162	13063	Cycs
rect	987 145 1033 162	13067	Cyct
rect	987 179 1033 196	11783	Apaf1
rect	788 162 834 179	12015	Bad
rect	987 162 1033 179	12371	Casp9
rect	884 162 930 179	12043	Bcl2
rect	884 129 930 146	12028	Bax
rect	1159 270 1205 287	16149	Cd74
rect	1159 248 1205 265	100504404	H2-Ea-ps
rect	1159 248 1205 265	14960	H2-Aa
rect	1159 248 1205 265	14961	H2-Ab1
rect	1159 248 1205 265	14969	H2-Eb1
rect	1159 248 1205 265	14998	H2-DMa
rect	1159 248 1205 265	14999	H2-DMb1
rect	1159 248 1205 265	15000	H2-DMb2
rect	1159 248 1205 265	15001	H2-Oa
rect	1159 248 1205 265	15002	H2-Ob
rect	337 1172 383 1189	102642252	LOC102642252
rect	337 1172 383 1189	105243590	LOC105243590
rect	743 307 789 324	13040	Ctss
rect	337 307 383 324	16153	Il10
rect	408 299 454 316	16154	Il10ra
rect	1259 472 1305 489	21926	Tnf
rect	1259 518 1305 535	16159	Il12a
rect	1259 518 1305 535	16160	Il12b
rect	1259 587 1305 604	16175	Il1a
rect	1259 587 1305 604	16176	Il1b
rect	484 580 530 597	117149	Tirap
rect	622 674 668 691	81897	Tlr9
rect	1260 663 1306 680	15962	Ifna1
rect	1260 663 1306 680	15964	Ifna11
rect	1260 663 1306 680	15965	Ifna2
rect	1260 663 1306 680	15967	Ifna4
rect	1260 663 1306 680	15968	Ifna5
rect	1260 663 1306 680	15969	Ifna6
rect	1260 663 1306 680	15970	Ifna7
rect	1260 663 1306 680	15972	Ifna9
rect	1260 663 1306 680	15974	Ifnab
rect	1260 663 1306 680	230396	Ifna13
rect	1260 663 1306 680	242517	Ifna15
rect	1260 663 1306 680	242519	Ifna12
rect	1260 663 1306 680	404549	Ifna14
rect	1259 495 1305 512	16193	Il6
rect	514 743 560 760	69632	Arhgef12
rect	535 726 581 743	11848	Rhoa
rect	535 726 581 743	67653	4930544G11Rik
rect	557 765 603 782	16985	Lsp1
rect	603 773 649 790	16706	Ksr1
rect	603 756 649 773	12795	Plk3
rect	471 900 517 917	16411	Itgax
rect	471 917 517 934	16414	Itgb2
rect	471 917 517 934	16415	Itgb2l
rect	337 528 383 545	16803	Lbp
rect	918 859 964 876	22337	Vdr
rect	770 847 816 864	13115	Cyp27b1
rect	1259 858 1305 875	12796	Camp
rect	1259 541 1305 558	16173	Il18
rect	1259 564 1305 581	83430	Il23a
rect	645 484 691 501	257632	Nod2
rect	718 484 764 501	192656	Ripk2
rect	408 415 454 432	56644	Clec7a
rect	508 395 554 412	20963	Syk
rect	449 432 495 449	20779	Src
rect	666 395 712 412	332579	Card9
rect	666 378 712 395	240354	Malt1
rect	666 412 712 429	12042	Bcl10
rect	408 359 454 376	56619	Clec4e
rect	431 376 477 393	14127	Fcer1g
rect	408 250 454 267	15979	Ifngr1
rect	218 661 264 678	15510	Hspd1
rect	217 621 263 638	15526	Hspa9
rect	835 618 881 635	26414	Mapk10
rect	835 618 881 635	26419	Mapk8
rect	835 618 881 635	26420	Mapk9
rect	835 573 881 590	19094	Mapk11
rect	835 573 881 590	26415	Mapk13
rect	835 573 881 590	26416	Mapk14
rect	835 573 881 590	29857	Mapk12
rect	690 223 736 240	108058	Camk2d
rect	690 223 736 240	12322	Camk2a
rect	690 223 736 240	12323	Camk2b
rect	690 223 736 240	12325	Camk2g
rect	1260 806 1306 823	21803	Tgfb1
rect	1260 806 1306 823	21808	Tgfb2
rect	1260 806 1306 823	21809	Tgfb3
rect	631 596 677 613	108960	Irak2
rect	631 596 677 613	16179	Irak1
rect	408 316 454 333	16155	Il10rb
rect	337 880 383 897	12266	C3
rect	337 909 383 926	12266	C3
rect	1259 405 1305 422	18126	Nos2
rect	408 528 454 545	12475	Cd14
rect	705 674 751 691	17874	Myd88
rect	1260 686 1306 703	15977	Ifnb1
rect	40 45 171 70	NA	mmu05152
rect	579 554 695 588	NA	mmu04620
rect	1264 126 1359 160	NA	mmu04210
rect	770 216 887 250	NA	mmu04630
rect	1259 282 1375 316	NA	mmu04612
rect	576 440 692 474	NA	mmu04621
rect	802 639 918 673	NA	mmu04010
