shape	coords	gid	sym.path.compounds.map
circle	1146 549 4	NA	C00027
circle	457 139 4	NA	C00434
circle	474 208 4	NA	C02737
rect	613 414 659 431	102642252	LOC102642252
rect	613 414 659 431	105243590	LOC105243590
rect	1055 592 1101 609	14129	Fcgr1
rect	1055 592 1101 609	246256	Fcgr4
rect	1056 693 1102 710	14129	Fcgr1
rect	1056 693 1102 710	246256	Fcgr4
rect	1133 592 1179 609	102642252	LOC102642252
rect	1133 592 1179 609	105243590	LOC105243590
rect	1135 693 1181 710	102642252	LOC102642252
rect	1135 693 1181 710	105243590	LOC105243590
rect	1128 144 1174 161	102642252	LOC102642252
rect	1128 144 1174 161	105243590	LOC105243590
rect	794 440 840 457	102642252	LOC102642252
rect	794 440 840 457	105243590	LOC105243590
rect	1122 524 1168 541	50701	Elane
rect	1122 503 1168 520	13035	Ctsg
rect	942 377 988 394	15139	Hc
rect	920 182 966 199	12268	C4b
rect	920 264 966 281	12266	C3
rect	920 203 966 220	12263	C2
rect	1004 153 1050 170	317677	C1s2
rect	1004 153 1050 170	50908	C1s1
rect	1050 144 1096 161	12259	C1qa
rect	1050 144 1096 161	12260	C1qb
rect	1050 144 1096 161	12262	C1qc
rect	1004 136 1050 153	50909	C1ra
rect	1086 377 1132 394	12274	C6
rect	1135 377 1181 394	109828	C7
rect	1086 398 1132 415	110382	C8b
rect	1086 398 1132 415	230558	C8a
rect	1086 398 1132 415	69379	C8g
rect	1227 346 1273 363	109828	C7
rect	1227 346 1273 363	110382	C8b
rect	1227 346 1273 363	12274	C6
rect	1227 346 1273 363	15139	Hc
rect	1227 346 1273 363	230558	C8a
rect	1227 346 1273 363	69379	C8g
rect	1135 398 1181 415	12279	C9
rect	527 522 573 539	21926	Tnf
rect	527 549 573 566	15978	Ifng
rect	527 571 573 588	16153	Il10
rect	677 638 723 655	12259	C1qa
rect	677 638 723 655	12260	C1qb
rect	677 638 723 655	12262	C1qc
rect	730 638 776 655	12268	C4b
rect	256 141 302 158	12259	C1qa
rect	256 141 302 158	12260	C1qb
rect	256 141 302 158	12262	C1qc
rect	309 141 355 158	12268	C4b
rect	283 118 329 135	12263	C2
rect	703 661 749 678	12263	C2
rect	183 471 229 488	12519	Cd80
rect	183 471 229 488	12524	Cd86
rect	265 471 311 488	12487	Cd28
rect	183 448 229 465	100504404	H2-Ea-ps
rect	183 448 229 465	14960	H2-Aa
rect	183 448 229 465	14961	H2-Ab1
rect	183 448 229 465	14969	H2-Eb1
rect	183 448 229 465	14998	H2-DMa
rect	183 448 229 465	14999	H2-DMb1
rect	183 448 229 465	15000	H2-DMb2
rect	183 448 229 465	15001	H2-Oa
rect	183 448 229 465	15002	H2-Ob
rect	571 472 617 489	100504404	H2-Ea-ps
rect	571 472 617 489	14960	H2-Aa
rect	571 472 617 489	14961	H2-Ab1
rect	571 472 617 489	14969	H2-Eb1
rect	571 472 617 489	14998	H2-DMa
rect	571 472 617 489	14999	H2-DMb1
rect	571 472 617 489	15000	H2-DMb2
rect	571 472 617 489	15001	H2-Oa
rect	571 472 617 489	15002	H2-Ob
rect	490 446 536 463	21947	Cd40lg
rect	571 446 617 463	21939	Cd40
rect	496 140 542 157	100039319	Gm14920
rect	496 140 542 157	100042840	Gm16501
rect	496 140 542 157	100042922	Gm14483
rect	496 140 542 157	100042927	Gm14474
rect	496 140 542 157	100042929	Gm14477
rect	496 140 542 157	100042931	Gm14476
rect	496 140 542 157	100042939	Gm14479
rect	496 140 542 157	100042943	Gm14482
rect	496 140 542 157	100042944	Gm14478
rect	496 140 542 157	100042946	Gm14475
rect	496 140 542 157	15267	Hist2h2aa1
rect	496 140 542 157	15270	H2afx
rect	496 140 542 157	232440	H2afj
rect	496 140 542 157	236663	Gm4906
rect	496 140 542 157	26914	H2afy
rect	496 140 542 157	319162	Hist3h2a
rect	496 140 542 157	319163	Hist1h2aa
rect	496 140 542 157	319164	Hist1h2ac
rect	496 140 542 157	319165	Hist1h2ad
rect	496 140 542 157	319166	Hist1h2ae
rect	496 140 542 157	319167	Hist1h2ag
rect	496 140 542 157	319168	Hist1h2ah
rect	496 140 542 157	319169	Hist1h2ak
rect	496 140 542 157	319170	Hist1h2an
rect	496 140 542 157	319171	Hist1h2ap
rect	496 140 542 157	319172	Hist1h2ab
rect	496 140 542 157	319173	Hist1h2af
rect	496 140 542 157	319176	Hist2h2ac
rect	496 140 542 157	319191	Hist1h2ai
rect	496 140 542 157	319192	Hist2h2aa2
rect	496 140 542 157	333452	Gm5132
rect	496 140 542 157	385328	Gm5382
rect	496 140 542 157	404634	H2afy2
rect	496 140 542 157	51788	H2afz
rect	496 140 542 157	547154	Gm14501
rect	496 140 542 157	547160	Gm14484
rect	496 140 542 157	547210	Gm6026
rect	496 140 542 157	621893	Hist2h2ab
rect	496 140 542 157	624153	H2afb2
rect	496 140 542 157	624957	H2afb3
rect	496 140 542 157	665433	Hist1h2ao
rect	496 140 542 157	667728	Hist1h2al
rect	496 140 542 157	68231	H2afb1
rect	496 140 542 157	76383	1700012L04Rik
rect	496 140 542 157	77605	H2afv
rect	548 140 594 157	319177	Hist1h2ba
rect	548 140 594 157	319178	Hist1h2bb
rect	548 140 594 157	319179	Hist1h2be
rect	548 140 594 157	319180	Hist1h2bf
rect	548 140 594 157	319181	Hist1h2bg
rect	548 140 594 157	319182	Hist1h2bh
rect	548 140 594 157	319183	Hist1h2bj
rect	548 140 594 157	319184	Hist1h2bk
rect	548 140 594 157	319185	Hist1h2bl
rect	548 140 594 157	319186	Hist1h2bm
rect	548 140 594 157	319187	Hist1h2bn
rect	548 140 594 157	319188	Hist1h2bp
rect	548 140 594 157	319189	Hist2h2bb
rect	548 140 594 157	319190	Hist2h2be
rect	548 140 594 157	665596	Hist1h2bq
rect	548 140 594 157	665622	Hist1h2br
rect	548 140 594 157	68024	Hist1h2bc
rect	548 140 594 157	69382	1700024P04Rik
rect	548 140 594 157	69389	H2bfm
rect	548 140 594 157	78303	Hist3h2ba
rect	496 162 542 179	15077	Hist2h3c1
rect	496 162 542 179	15078	H3f3a
rect	496 162 542 179	15081	H3f3b
rect	496 162 542 179	260423	Hist1h3f
rect	496 162 542 179	319148	Hist1h3c
rect	496 162 542 179	319149	Hist1h3d
rect	496 162 542 179	319150	Hist1h3b
rect	496 162 542 179	319151	Hist1h3e
rect	496 162 542 179	319152	Hist1h3h
rect	496 162 542 179	319153	Hist1h3i
rect	496 162 542 179	319154	Hist2h3b
rect	496 162 542 179	360198	Hist1h3a
rect	496 162 542 179	544973	Gm10257
rect	496 162 542 179	625328	H3f3c
rect	496 162 542 179	626150	Gm12271
rect	496 162 542 179	667250	Gm12657
rect	496 162 542 179	97114	Hist2h3c2
rect	496 162 542 179	97908	Hist1h3g
rect	548 162 594 179	100041230	Hist1h4m
rect	548 162 594 179	102641229	LOC102641229
rect	548 162 594 179	319155	Hist1h4c
rect	548 162 594 179	319156	Hist1h4d
rect	548 162 594 179	319157	Hist1h4f
rect	548 162 594 179	319158	Hist1h4i
rect	548 162 594 179	319159	Hist1h4j
rect	548 162 594 179	319160	Hist1h4k
rect	548 162 594 179	319161	Hist1h4n
rect	548 162 594 179	320332	Hist4h4
rect	548 162 594 179	326619	Hist1h4a
rect	548 162 594 179	326620	Hist1h4b
rect	548 162 594 179	69386	Hist1h4h
rect	548 162 594 179	97122	Hist2h4
rect	519 202 565 219	20821	Trim21
rect	519 202 565 219	20822	Trove2
rect	613 140 659 157	20638	Snrpb
rect	613 162 659 179	20641	Snrpd1
rect	613 162 659 179	67332	Snrpd3
rect	678 140 724 157	14811	Grin2a
rect	625 202 671 219	109711	Actn1
rect	625 202 671 219	11472	Actn2
rect	625 202 671 219	11474	Actn3
rect	625 202 671 219	60595	Actn4
rect	678 202 724 219	12259	C1qa
rect	678 202 724 219	12260	C1qb
rect	678 202 724 219	12262	C1qc
rect	572 202 618 219	20823	Ssb
rect	678 162 724 179	14812	Grin2b
rect	286 372 399 406	NA	mmu04660
rect	482 371 595 405	NA	mmu04514
rect	185 545 298 579	NA	mmu04612
rect	337 619 450 653	NA	mmu04060
rect	337 686 450 720	NA	mmu04630
rect	1011 196 1124 230	NA	mmu04610
rect	841 632 954 677	NA	mmu04670
rect	646 331 759 365	NA	mmu04662
rect	40 45 312 70	NA	mmu05322
