shape	coords	gid	sym.path.compounds.map
circle	244 890 4	NA	C18997
circle	414 890 4	NA	C18991
circle	322 890 4	NA	C18998
circle	564 1157 4	NA	C18997
circle	724 1063 4	NA	C18991
circle	471 699 4	NA	C18991
circle	448 1226 4	NA	C18991
circle	572 1250 4	NA	C18998
circle	377 359 4	NA	C05981
circle	373 1045 4	NA	C18991
circle	419 530 4	NA	C18998
rect	397 562 443 579	170743	Tlr7
rect	397 562 443 579	81897	Tlr9
rect	463 562 509 579	17874	Myd88
rect	529 562 575 579	16179	Irak1
rect	529 562 575 579	266632	Irak4
rect	685 562 731 579	54123	Irf7
rect	942 553 988 570	15962	Ifna1
rect	942 553 988 570	15964	Ifna11
rect	942 553 988 570	15965	Ifna2
rect	942 553 988 570	15967	Ifna4
rect	942 553 988 570	15968	Ifna5
rect	942 553 988 570	15969	Ifna6
rect	942 553 988 570	15970	Ifna7
rect	942 553 988 570	15972	Ifna9
rect	942 553 988 570	15974	Ifnab
rect	942 553 988 570	230396	Ifna13
rect	942 553 988 570	242517	Ifna15
rect	942 553 988 570	242519	Ifna12
rect	942 553 988 570	404549	Ifna14
rect	198 645 244 662	21898	Tlr4
rect	198 645 244 662	24088	Tlr2
rect	397 454 443 471	230073	Ddx58
rect	396 645 442 662	17874	Myd88
rect	461 645 507 662	16179	Irak1
rect	461 645 507 662	266632	Irak4
rect	685 645 731 662	18035	Nfkbia
rect	685 645 731 662	18036	Nfkbib
rect	685 601 731 618	18033	Nfkb1
rect	685 601 731 618	19697	Rela
rect	397 489 443 506	71586	Ifih1
rect	519 471 565 488	228607	Mavs
rect	685 471 731 488	54131	Irf3
rect	942 573 988 590	15977	Ifnb1
rect	196 835 242 852	15975	Ifnar1
rect	196 835 242 852	15976	Ifnar2
rect	296 835 342 852	16451	Jak1
rect	296 835 342 852	54721	Tyk2
rect	411 835 457 852	20846	Stat1
rect	411 835 457 852	20847	Stat2
rect	653 835 699 852	16391	Irf9
rect	940 817 986 834	23960	Oas1g
rect	940 817 986 834	23961	Oas1b
rect	940 817 986 834	246727	Oas3
rect	940 817 986 834	246728	Oas2
rect	940 817 986 834	246730	Oas1a
rect	126 835 172 852	15962	Ifna1
rect	126 835 172 852	15964	Ifna11
rect	126 835 172 852	15965	Ifna2
rect	126 835 172 852	15967	Ifna4
rect	126 835 172 852	15968	Ifna5
rect	126 835 172 852	15969	Ifna6
rect	126 835 172 852	15970	Ifna7
rect	126 835 172 852	15972	Ifna9
rect	126 835 172 852	15974	Ifnab
rect	126 835 172 852	15977	Ifnb1
rect	126 835 172 852	230396	Ifna13
rect	126 835 172 852	242517	Ifna15
rect	126 835 172 852	242519	Ifna12
rect	126 835 172 852	404549	Ifna14
rect	126 935 172 952	15978	Ifng
rect	196 935 242 952	15979	Ifngr1
rect	196 935 242 952	15980	Ifngr2
rect	296 935 342 952	16451	Jak1
rect	296 935 342 952	16452	Jak2
rect	411 935 457 952	20846	Stat1
rect	244 129 290 146	17698	Msn
rect	198 146 244 163	170776	Cd209c
rect	198 146 244 163	170779	Cd209d
rect	198 146 244 163	170780	Cd209e
rect	198 146 244 163	170786	Cd209a
rect	198 146 244 163	69142	Cd209f
rect	198 146 244 163	69165	Cd209b
rect	198 146 244 163	70192	Cd209g
rect	198 165 244 182	21336	Tacr1
rect	198 197 244 214	17221	Cd46
rect	198 218 244 235	27218	Slamf1
rect	317 174 363 191	20400	Sh2d1a
rect	317 196 363 213	14360	Fyn
rect	317 218 363 235	13448	Dok1
rect	445 218 491 235	18761	Prkcq
rect	198 370 244 387	16184	Il2ra
rect	198 370 244 387	16185	Il2rb
rect	198 370 244 387	16186	Il2rg
rect	139 370 185 387	16183	Il2
rect	198 331 244 348	12500	Cd3d
rect	198 331 244 348	12501	Cd3e
rect	198 331 244 348	12502	Cd3g
rect	198 350 244 367	12487	Cd28
rect	305 351 351 368	18706	Pik3ca
rect	305 351 351 368	18707	Pik3cd
rect	305 351 351 368	18708	Pik3r1
rect	305 351 351 368	18709	Pik3r2
rect	305 351 351 368	18710	Pik3r3
rect	305 351 351 368	30955	Pik3cg
rect	305 351 351 368	320207	Pik3r5
rect	305 351 351 368	74769	Pik3cb
rect	403 351 449 368	11651	Akt1
rect	403 351 449 368	11652	Akt2
rect	403 351 449 368	23797	Akt3
rect	649 1020 695 1037	15481	Hspa8
rect	649 1020 695 1037	15482	Hspa1l
rect	649 1020 695 1037	15511	Hspa1b
rect	649 1020 695 1037	15512	Hspa2
rect	649 1020 695 1037	193740	Hspa1a
rect	666 1092 712 1109	68135	Eif3h
rect	305 386 351 403	16451	Jak1
rect	305 386 351 403	16453	Jak3
rect	384 386 430 403	20848	Stat3
rect	384 386 430 403	20850	Stat5a
rect	384 386 430 403	20851	Stat5b
rect	942 616 988 633	27218	Slamf1
rect	942 636 988 653	16175	Il1a
rect	942 636 988 653	16176	Il1b
rect	942 656 988 673	16193	Il6
rect	942 684 988 701	16159	Il12a
rect	942 684 988 701	16160	Il12b
rect	942 228 988 245	16189	Il4
rect	942 208 988 225	16163	Il13
rect	940 857 986 874	17858	Mx2
rect	238 818 284 835	14694	Rack1
rect	305 314 351 331	208650	Cblb
rect	543 1114 589 1131	13666	Eif2ak3
rect	543 1114 589 1131	15467	Eif2ak1
rect	543 1114 589 1131	19106	Eif2ak2
rect	543 1114 589 1131	27103	Eif2ak4
rect	666 1114 712 1131	13665	Eif2s1
rect	529 521 575 538	12675	Chuk
rect	196 1191 242 1208	14102	Fas
rect	126 1191 172 1208	14103	Fasl
rect	126 1212 172 1229	22035	Tnfsf10
rect	196 1212 242 1229	21933	Tnfrsf10b
rect	527 645 573 662	22034	Traf6
rect	527 690 573 707	21929	Tnfaip3
rect	198 734 244 751	14130	Fcgr2b
rect	198 714 244 731	102642252	LOC102642252
rect	198 714 244 731	105243590	LOC105243590
rect	126 778 172 795	102642252	LOC102642252
rect	126 778 172 795	105243590	LOC105243590
rect	374 690 420 707	12995	Csnk2a1
rect	374 690 420 707	13000	Csnk2a2
rect	374 690 420 707	13001	Csnk2b
rect	427 1186 473 1203	68098	Rchy1
rect	550 1186 596 1203	22059	Trp53
rect	550 1209 596 1226	22062	Trp73
rect	940 1209 986 1226	170770	Bbc3
rect	249 1096 295 1113	319642	Rab9b
rect	249 1096 295 1113	56382	Rab9
rect	653 968 699 985	12443	Ccnd1
rect	653 968 699 985	12444	Ccnd2
rect	653 968 699 985	12445	Ccnd3
rect	653 968 699 985	12447	Ccne1
rect	653 968 699 985	12448	Ccne2
rect	653 985 699 1002	12566	Cdk2
rect	653 985 699 1002	12567	Cdk4
rect	653 985 699 1002	12571	Cdk6
rect	653 927 699 944	12576	Cdkn1b
rect	494 351 540 368	56637	Gsk3b
rect	940 837 986 854	56417	Adar
rect	593 637 639 654	26409	Map3k7
rect	593 654 639 671	68652	Tab2
rect	608 463 654 480	56489	Ikbke
rect	608 480 654 497	56480	Tbk1
rect	40 45 132 70	NA	mmu05162
rect	255 240 347 274	NA	mmu04660
rect	463 429 564 463	NA	mmu04622
rect	265 607 362 641	NA	mmu04620
rect	473 846 583 871	NA	mmu04630
rect	400 304 503 338	NA	mmu04120
rect	256 1198 318 1223	NA	mmu04210
rect	255 703 347 737	NA	mmu04662
rect	718 925 810 950	NA	mmu04110
rect	603 1179 732 1204	NA	mmu04115
