shape	coords	gid	sym.path.compounds.map
rect	152 119 198 136	16992	Lta
rect	152 139 198 156	50930	Tnfsf14
rect	241 129 287 146	230979	Tnfrsf14
rect	241 161 287 178	19294	Nectin2
rect	241 161 287 178	58235	Nectin1
rect	241 255 287 272	231805	Pilra
rect	316 129 362 146	22029	Traf1
rect	316 129 362 146	22030	Traf2
rect	316 129 362 146	22031	Traf3
rect	316 129 362 146	22033	Traf5
rect	691 132 737 149	26414	Mapk10
rect	691 132 737 149	26419	Mapk8
rect	691 132 737 149	26420	Mapk9
rect	734 227 780 244	18033	Nfkb1
rect	734 227 780 244	19697	Rela
rect	763 132 809 149	14281	Fos
rect	763 132 809 149	16476	Jun
rect	319 255 365 272	19247	Ptpn11
rect	34 326 80 343	12266	C3
rect	114 363 160 380	15139	Hc
rect	114 382 160 399	18636	Cfp
rect	330 367 376 384	142980	Tlr3
rect	330 340 376 357	81897	Tlr9
rect	241 298 287 315	24088	Tlr2
rect	403 367 449 384	106759	Ticam1
rect	403 298 449 315	17874	Myd88
rect	561 278 607 295	66513	Tab1
rect	561 278 607 295	68652	Tab2
rect	561 261 607 278	26409	Map3k7
rect	660 386 706 403	54123	Irf7
rect	660 386 706 403	54131	Irf3
rect	734 196 780 213	18035	Nfkbia
rect	734 196 780 213	18036	Nfkbib
rect	662 224 708 241	16151	Ikbkg
rect	1049 270 1095 287	15962	Ifna1
rect	1049 270 1095 287	15964	Ifna11
rect	1049 270 1095 287	15965	Ifna2
rect	1049 270 1095 287	15967	Ifna4
rect	1049 270 1095 287	15968	Ifna5
rect	1049 270 1095 287	15969	Ifna6
rect	1049 270 1095 287	15970	Ifna7
rect	1049 270 1095 287	15972	Ifna9
rect	1049 270 1095 287	15974	Ifnab
rect	1049 270 1095 287	230396	Ifna13
rect	1049 270 1095 287	242517	Ifna15
rect	1049 270 1095 287	242519	Ifna12
rect	1049 270 1095 287	404549	Ifna14
rect	1049 221 1095 238	16159	Il12a
rect	1049 221 1095 238	16160	Il12b
rect	1049 250 1095 267	16168	Il15
rect	1049 154 1095 171	21926	Tnf
rect	1049 174 1095 191	16176	Il1b
rect	1049 194 1095 211	16193	Il6
rect	1049 114 1095 131	105242482	LOC105242482
rect	1049 114 1095 131	20293	Ccl12
rect	1049 114 1095 131	20296	Ccl2
rect	1049 134 1095 151	20304	Ccl5
rect	911 610 957 627	18988	Pou2f3
rect	911 593 957 610	15161	Hcfc1
rect	911 593 957 610	67933	Hcfc2
rect	482 298 528 315	22034	Traf6
rect	553 428 599 445	56489	Ikbke
rect	553 445 599 462	56480	Tbk1
rect	380 426 426 443	230073	Ddx58
rect	468 437 514 454	228607	Mavs
rect	380 447 426 464	71586	Ifih1
rect	736 299 782 316	216150	Cdc34
rect	736 299 782 316	67615	Ube2r2
rect	782 282 828 299	26965	Cul1
rect	736 282 782 299	21402	Skp1a
rect	782 299 828 316	27401	Skp2
rect	1049 295 1095 312	15957	Ifit1
rect	1049 295 1095 312	667373	Ifit1bl1
rect	660 289 706 306	252870	Usp7
rect	1039 516 1085 533	18854	Pml
rect	1014 533 1060 550	20684	Sp100
rect	1060 550 1106 567	13163	Daxx
rect	1060 533 1106 550	12914	Crebbp
rect	1060 533 1106 550	328572	Ep300
rect	1014 550 1060 567	22059	Trp53
rect	829 449 875 466	66656	Eef1d
rect	829 364 875 381	68077	Gltscr2
rect	915 364 961 381	51812	Mcrs1
rect	831 963 877 980	11865	Arntl
rect	831 980 877 997	12753	Clock
rect	1051 972 1097 989	18626	Per1
rect	1051 972 1097 989	18627	Per2
rect	1051 972 1097 989	18628	Per3
rect	1128 620 1174 637	102162	Taf5l
rect	1128 620 1174 637	14886	Gtf2i
rect	1128 620 1174 637	209361	Taf3
rect	1128 620 1174 637	21343	Taf6
rect	1128 620 1174 637	21374	Tbp
rect	1128 620 1174 637	225895	Taf6l
rect	1128 620 1174 637	226182	Taf5
rect	1128 620 1174 637	227606	Tbpl2
rect	1128 620 1174 637	228980	Taf4
rect	1128 620 1174 637	237336	Tbpl1
rect	1128 620 1174 637	24075	Taf10
rect	1128 620 1174 637	407786	Taf9b
rect	1128 620 1174 637	57080	Gtf2ird1
rect	1128 620 1174 637	72504	Taf4b
rect	1128 620 1174 637	80509	Med8
rect	1128 620 1174 637	99730	Taf13
rect	1128 637 1174 654	102641809	LOC102641809
rect	1128 637 1174 654	15312	Hmgn1
rect	455 538 501 555	13666	Eif2ak3
rect	455 538 501 555	15467	Eif2ak1
rect	455 538 501 555	19106	Eif2ak2
rect	455 538 501 555	27103	Eif2ak4
rect	540 538 586 555	13665	Eif2s1
rect	455 504 501 521	19045	Ppp1ca
rect	455 504 501 521	19046	Ppp1cb
rect	455 504 501 521	19047	Ppp1cc
rect	455 504 501 521	434233	Gm5601
rect	457 586 503 603	23960	Oas1g
rect	457 586 503 603	23961	Oas1b
rect	457 586 503 603	246727	Oas3
rect	457 586 503 603	246728	Oas2
rect	457 586 503 603	246730	Oas1a
rect	589 586 635 603	24014	Rnasel
rect	1055 742 1101 759	100043292	Gm4340
rect	1055 742 1101 759	21681	Alyref
rect	1055 742 1101 759	56009	Alyref2
rect	1079 794 1125 811	170722	Nxf7
rect	1079 794 1125 811	245610	Nxf3
rect	1079 794 1125 811	53319	Nxf1
rect	1079 794 1125 811	83454	Nxf2
rect	241 810 287 827	15975	Ifnar1
rect	241 810 287 827	15976	Ifnar2
rect	241 832 287 849	15979	Ifngr1
rect	241 832 287 849	15980	Ifngr2
rect	163 810 209 827	15962	Ifna1
rect	163 810 209 827	15964	Ifna11
rect	163 810 209 827	15965	Ifna2
rect	163 810 209 827	15967	Ifna4
rect	163 810 209 827	15968	Ifna5
rect	163 810 209 827	15969	Ifna6
rect	163 810 209 827	15970	Ifna7
rect	163 810 209 827	15972	Ifna9
rect	163 810 209 827	15974	Ifnab
rect	163 810 209 827	15977	Ifnb1
rect	163 810 209 827	230396	Ifna13
rect	163 810 209 827	242517	Ifna15
rect	163 810 209 827	242519	Ifna12
rect	163 810 209 827	404549	Ifna14
rect	321 810 367 827	16451	Jak1
rect	321 810 367 827	54721	Tyk2
rect	461 810 507 827	20846	Stat1
rect	461 810 507 827	20847	Stat2
rect	585 820 631 837	16391	Irf9
rect	461 832 507 849	20846	Stat1
rect	321 832 367 849	16451	Jak1
rect	321 832 367 849	16452	Jak2
rect	717 767 763 784	21354	Tap1
rect	717 767 763 784	21355	Tap2
rect	812 793 858 810	100529082	Gm11127
rect	812 793 858 810	100862431	LOC100862431
rect	812 793 858 810	101056305	LOC101056305
rect	812 793 858 810	102641613	LOC102641613
rect	812 793 858 810	102641657	LOC102641657
rect	812 793 858 810	102642035	LOC102642035
rect	812 793 858 810	102642086	LOC102642086
rect	812 793 858 810	105242487	LOC105242487
rect	812 793 858 810	110557	H2-Q6
rect	812 793 858 810	110558	H2-Q9
rect	812 793 858 810	110696	H2-M10.3
rect	812 793 858 810	14963	H2-Bl
rect	812 793 858 810	14964	H2-D1
rect	812 793 858 810	14972	H2-K1
rect	812 793 858 810	14980	H2-L
rect	812 793 858 810	14985	H2-M10.1
rect	812 793 858 810	14990	H2-M2
rect	812 793 858 810	14991	H2-M3
rect	812 793 858 810	14997	H2-M9
rect	812 793 858 810	15006	H2-Q1
rect	812 793 858 810	15007	H2-Q10
rect	812 793 858 810	15013	H2-Q2
rect	812 793 858 810	15015	H2-Q4
rect	812 793 858 810	15018	H2-Q7
rect	812 793 858 810	15019	H2-Q8
rect	812 793 858 810	15024	H2-T10
rect	812 793 858 810	15033	H2-T18
rect	812 793 858 810	15039	H2-T22
rect	812 793 858 810	15040	H2-T23
rect	812 793 858 810	15042	H2-T24
rect	812 793 858 810	15043	H2-T3
rect	812 793 858 810	15051	H2-T9
rect	812 793 858 810	224753	H2-M10.4
rect	812 793 858 810	224754	H2-M11
rect	812 793 858 810	224756	H2-M1
rect	812 793 858 810	224761	H2-M10.5
rect	812 793 858 810	240095	H2-M5
rect	812 793 858 810	333715	H2-M10.2
rect	812 793 858 810	399549	H2-M10.6
rect	812 793 858 810	547349	LOC547349
rect	812 793 858 810	630294	Gm7030
rect	812 793 858 810	667803	H2-T-ps
rect	812 793 858 810	667977	Gm8909
rect	812 793 858 810	69717	Gm10499
rect	163 832 209 849	15978	Ifng
rect	1062 418 1108 435	20020	Polr2a
rect	1016 349 1062 366	20815	Srpk1
rect	1094 349 1140 366	108014	Srsf9
rect	1094 349 1140 366	110809	Srsf1
rect	1094 349 1140 366	20382	Srsf2
rect	1094 349 1140 366	20383	Srsf3
rect	1094 349 1140 366	20384	Srsf5
rect	1094 349 1140 366	225027	Srsf7
rect	1094 349 1140 366	57317	Srsf4
rect	1094 349 1140 366	67996	Srsf6
rect	835 576 881 593	12995	Csnk2a1
rect	835 576 881 593	13000	Csnk2a2
rect	835 576 881 593	13001	Csnk2b
rect	797 614 843 631	12534	Cdk1
rect	797 614 843 631	12566	Cdk2
rect	350 764 396 781	12702	Socs3
rect	484 661 530 678	16149	Cd74
rect	484 698 530 715	100504404	H2-Ea-ps
rect	484 698 530 715	14960	H2-Aa
rect	484 698 530 715	14961	H2-Ab1
rect	484 698 530 715	14969	H2-Eb1
rect	484 698 530 715	14998	H2-DMa
rect	484 698 530 715	14999	H2-DMb1
rect	484 698 530 715	15000	H2-DMb2
rect	484 698 530 715	15001	H2-Oa
rect	484 698 530 715	15002	H2-Ob
rect	241 915 287 932	14102	Fas
rect	241 937 287 954	21937	Tnfrsf1a
rect	163 915 209 932	14103	Fasl
rect	340 924 386 941	14082	Fadd
rect	509 925 555 942	12370	Casp8
rect	604 902 650 919	12367	Casp3
rect	604 950 650 967	13063	Cycs
rect	604 950 650 967	13067	Cyct
rect	163 937 209 954	21926	Tnf
rect	509 1012 555 1029	18035	Nfkbia
rect	509 978 555 995	18033	Nfkb1
rect	509 978 555 995	19697	Rela
rect	1110 881 1156 898	15387	Hnrnpk
rect	1110 864 1156 881	12261	C1qbp
rect	1156 881 1202 898	12995	Csnk2a1
rect	1156 881 1202 898	13000	Csnk2a2
rect	1156 881 1202 898	13001	Csnk2b
rect	662 207 708 224	12675	Chuk
rect	662 190 708 207	16150	Ikbkb
rect	40 45 264 70	NA	mmu05168
rect	23 415 103 449	NA	mmu04610
rect	866 254 967 288	NA	mmu04120
rect	864 929 956 954	NA	mmu04710
rect	441 399 539 433	NA	mmu04622
rect	476 340 581 374	NA	mmu04620
rect	548 791 657 816	NA	mmu04630
rect	1136 317 1228 342	NA	mmu03040
rect	599 709 704 734	NA	mmu04612
rect	653 922 718 947	NA	mmu04210
rect	1161 833 1253 858	NA	mmu03040
