shape	coords	gid	sym.path.compounds.map
circle	872 282 4	NA	C05981
circle	888 660 4	NA	C00165
circle	889 703 4	NA	C01245
circle	949 703 4	NA	C00076
circle	684 421 4	NA	C00044
circle	357 116 4	NA	C00035
circle	280 467 4	NA	C00076
circle	400 305 4	NA	C00165
circle	400 262 4	NA	C01245
circle	449 260 4	NA	C00076
circle	278 423 4	NA	C00575
rect	1022 418 1068 435	26413	Mapk1
rect	1022 418 1068 435	26417	Mapk3
rect	949 418 995 435	26395	Map2k1
rect	949 418 995 435	26396	Map2k2
rect	831 418 877 435	110157	Raf1
rect	660 441 706 458	15461	Hras
rect	660 441 706 458	16653	Kras
rect	660 441 706 458	17532	Mras
rect	660 441 706 458	18176	Nras
rect	660 441 706 458	20130	Rras
rect	660 441 706 458	66922	Rras2
rect	248 211 294 228	14784	Grb2
rect	375 224 421 241	20662	Sos1
rect	375 224 421 241	20663	Sos2
rect	911 274 957 291	11651	Akt1
rect	911 274 957 291	11652	Akt2
rect	911 274 957 291	23797	Akt3
rect	784 274 830 291	18706	Pik3ca
rect	784 274 830 291	18707	Pik3cd
rect	784 274 830 291	18708	Pik3r1
rect	784 274 830 291	18709	Pik3r2
rect	784 274 830 291	18710	Pik3r3
rect	784 274 830 291	30955	Pik3cg
rect	784 274 830 291	320207	Pik3r5
rect	784 274 830 291	74769	Pik3cb
rect	248 237 294 254	20416	Shc1
rect	248 237 294 254	20418	Shc3
rect	248 237 294 254	216148	Shc2
rect	248 237 294 254	271849	Shc4
rect	99 296 145 313	105242481	LOC105242481
rect	99 296 145 313	11600	Angpt1
rect	99 296 145 313	11601	Angpt2
rect	99 296 145 313	11602	Angpt4
rect	99 296 145 313	12977	Csf1
rect	99 296 145 313	13636	Efna1
rect	99 296 145 313	13637	Efna2
rect	99 296 145 313	13638	Efna3
rect	99 296 145 313	13639	Efna4
rect	99 296 145 313	13640	Efna5
rect	99 296 145 313	13645	Egf
rect	99 296 145 313	14164	Fgf1
rect	99 296 145 313	14165	Fgf10
rect	99 296 145 313	14166	Fgf11
rect	99 296 145 313	14167	Fgf12
rect	99 296 145 313	14168	Fgf13
rect	99 296 145 313	14169	Fgf14
rect	99 296 145 313	14170	Fgf15
rect	99 296 145 313	14171	Fgf17
rect	99 296 145 313	14172	Fgf18
rect	99 296 145 313	14173	Fgf2
rect	99 296 145 313	14174	Fgf3
rect	99 296 145 313	14175	Fgf4
rect	99 296 145 313	14176	Fgf5
rect	99 296 145 313	14177	Fgf6
rect	99 296 145 313	14178	Fgf7
rect	99 296 145 313	14179	Fgf8
rect	99 296 145 313	14180	Fgf9
rect	99 296 145 313	14205	Vegfd
rect	99 296 145 313	15234	Hgf
rect	99 296 145 313	16000	Igf1
rect	99 296 145 313	16333	Ins1
rect	99 296 145 313	16334	Ins2
rect	99 296 145 313	17311	Kitl
rect	99 296 145 313	18048	Klk1b4
rect	99 296 145 313	18049	Ngf
rect	99 296 145 313	18590	Pdgfa
rect	99 296 145 313	18591	Pdgfb
rect	99 296 145 313	18654	Pgf
rect	99 296 145 313	22339	Vegfa
rect	99 296 145 313	22340	Vegfb
rect	99 296 145 313	22341	Vegfc
rect	99 296 145 313	54635	Pdgfc
rect	99 296 145 313	56636	Fgf21
rect	99 296 145 313	64654	Fgf23
rect	99 296 145 313	67112	Fgf22
rect	99 296 145 313	71785	Pdgfd
rect	99 296 145 313	80857	Fgf20
rect	99 296 145 313	80903	Fgf16
rect	177 296 223 313	12978	Csf1r
rect	177 296 223 313	13649	Egfr
rect	177 296 223 313	13836	Epha2
rect	177 296 223 313	14182	Fgfr1
rect	177 296 223 313	14183	Fgfr2
rect	177 296 223 313	14184	Fgfr3
rect	177 296 223 313	14186	Fgfr4
rect	177 296 223 313	14254	Flt1
rect	177 296 223 313	14257	Flt4
rect	177 296 223 313	16001	Igf1r
rect	177 296 223 313	16337	Insr
rect	177 296 223 313	16542	Kdr
rect	177 296 223 313	16590	Kit
rect	177 296 223 313	17295	Met
rect	177 296 223 313	18053	Ngfr
rect	177 296 223 313	18595	Pdgfra
rect	177 296 223 313	18596	Pdgfrb
rect	177 296 223 313	21687	Tek
rect	300 211 346 228	14388	Gab1
rect	300 211 346 228	14389	Gab2
rect	300 237 346 254	19247	Ptpn11
rect	784 180 830 197	21844	Tiam1
rect	858 180 904 197	170758	Rac3
rect	858 180 904 197	19353	Rac1
rect	858 180 904 197	19354	Rac2
rect	784 563 830 580	19730	Ralgds
rect	784 586 830 603	19731	Rgl1
rect	784 610 830 627	19732	Rgl2
rect	862 586 908 603	56044	Rala
rect	862 586 908 603	64143	Ralb
rect	946 585 992 602	18805	Pld1
rect	946 585 992 602	18806	Pld2
rect	784 673 830 690	74055	Plce1
rect	940 653 986 670	18750	Prkca
rect	940 653 986 670	18751	Prkcb
rect	940 653 986 670	18752	Prkcg
rect	866 737 912 754	11350	Abl1
rect	866 737 912 754	11352	Abl2
rect	784 752 830 769	225870	Rin1
rect	1002 274 1048 291	12015	Bad
rect	1083 274 1129 291	12048	Bcl2l1
rect	1002 236 1048 253	12675	Chuk
rect	1002 236 1048 253	16150	Ikbkb
rect	1002 236 1048 253	16151	Ikbkg
rect	1082 236 1128 253	18033	Nfkb1
rect	1082 236 1128 253	19697	Rela
rect	1003 311 1049 328	54601	Foxo4
rect	1084 311 1130 328	14103	Fasl
rect	944 533 990 550	26414	Mapk10
rect	944 533 990 550	26419	Mapk8
rect	944 533 990 550	26420	Mapk9
rect	946 616 992 633	19765	Ralbp1
rect	1046 605 1092 622	12540	Cdc42
rect	1046 627 1092 644	170758	Rac3
rect	1046 627 1092 644	19353	Rac1
rect	1046 627 1092 644	19354	Rac2
rect	1114 379 1160 396	18778	Pla2g1b
rect	1114 379 1160 396	18780	Pla2g2a
rect	1114 379 1160 396	18781	Pla2g2c
rect	1114 379 1160 396	18782	Pla2g2d
rect	1114 379 1160 396	18783	Pla2g4a
rect	1114 379 1160 396	18784	Pla2g5
rect	1114 379 1160 396	211429	Pla2g4b
rect	1114 379 1160 396	225845	Pla2g16
rect	1114 379 1160 396	232889	Pla2g4c
rect	1114 379 1160 396	237625	Pla2g3
rect	1114 379 1160 396	26565	Pla2g10
rect	1114 379 1160 396	26970	Pla2g2e
rect	1114 379 1160 396	26971	Pla2g2f
rect	1114 379 1160 396	271844	Pla2g4f
rect	1114 379 1160 396	329502	Pla2g4e
rect	1114 379 1160 396	53357	Pla2g6
rect	1114 379 1160 396	66350	Pla2g12a
rect	1114 379 1160 396	69836	Pla2g12b
rect	1114 379 1160 396	78390	Pla2g4d
rect	1114 379 1160 396	85031	Pla1a
rect	1114 409 1160 426	13712	Elk1
rect	1114 430 1160 447	23871	Ets1
rect	1114 430 1160 447	23872	Ets2
rect	866 773 912 790	19344	Rab5b
rect	866 773 912 790	19345	Rab5c
rect	866 773 912 790	271457	Rab5a
rect	334 136 380 153	15461	Hras
rect	334 136 380 153	16653	Kras
rect	334 136 380 153	17532	Mras
rect	334 136 380 153	18176	Nras
rect	334 136 380 153	20130	Rras
rect	334 136 380 153	66922	Rras2
rect	438 296 484 313	19395	Rasgrp2
rect	438 296 484 313	19419	Rasgrp1
rect	438 296 484 313	233046	Rasgrp4
rect	438 296 484 313	240168	Rasgrp3
rect	523 379 569 396	19417	Rasgrf1
rect	523 379 569 396	19418	Rasgrf2
rect	512 222 558 239	114713	Rasa2
rect	512 222 558 239	19414	Rasa3
rect	512 222 558 239	19415	Rasal1
rect	512 222 558 239	218397	Rasa1
rect	512 222 558 239	226525	Rasal2
rect	512 222 558 239	240057	Syngap1
rect	512 222 558 239	320484	Rasal3
rect	512 222 558 239	54153	Rasa4
rect	484 191 530 208	18015	Nf1
rect	1002 199 1048 216	11848	Rhoa
rect	1002 199 1048 216	67653	4930544G11Rik
rect	784 346 830 363	17356	Mllt4
rect	784 124 830 141	54354	Rassf5
rect	784 96 830 113	56289	Rassf1
rect	858 96 904 113	58231	Stk4
rect	858 124 904 141	58231	Stk4
rect	784 493 830 510	217944	Rapgef5
rect	862 493 908 510	109905	Rap1a
rect	862 493 908 510	215449	Rap1b
rect	573 513 619 530	54354	Rassf5
rect	573 545 619 562	21844	Tiam1
rect	573 572 619 589	18706	Pik3ca
rect	573 572 619 589	18707	Pik3cd
rect	573 572 619 589	18708	Pik3r1
rect	573 572 619 589	18709	Pik3r2
rect	573 572 619 589	18710	Pik3r3
rect	573 572 619 589	30955	Pik3cg
rect	573 572 619 589	320207	Pik3r5
rect	573 572 619 589	74769	Pik3cb
rect	573 602 619 619	17356	Mllt4
rect	573 632 619 649	110157	Raf1
rect	573 679 619 696	217944	Rapgef5
rect	573 708 619 725	19730	Ralgds
rect	573 736 619 753	74055	Plce1
rect	573 766 619 783	225870	Rin1
rect	454 593 500 610	15461	Hras
rect	454 593 500 610	16653	Kras
rect	454 593 500 610	18176	Nras
rect	454 657 500 674	17532	Mras
rect	455 702 501 719	20130	Rras
rect	573 792 619 809	19765	Ralbp1
rect	784 813 830 830	19765	Ralbp1
rect	866 813 912 830	11845	Arf6
rect	947 813 993 830	19353	Rac1
rect	367 593 413 610	20662	Sos1
rect	367 702 413 719	19417	Rasgrf1
rect	367 657 413 674	19395	Rasgrp2
rect	367 657 413 674	19419	Rasgrp1
rect	367 657 413 674	233046	Rasgrp4
rect	367 657 413 674	240168	Rasgrp3
rect	177 458 223 475	14810	Grin1
rect	177 458 223 475	14811	Grin2a
rect	177 458 223 475	14812	Grin2b
rect	327 456 373 473	12313	Calm1
rect	327 456 373 473	12314	Calm2
rect	327 456 373 473	12315	Calm3
rect	327 456 373 473	494124	Calm5
rect	327 456 373 473	70405	Calml3
rect	327 456 373 473	80796	Calm4
rect	288 379 334 396	100043507	Gm15776
rect	288 379 334 396	100503710	Gm5741
rect	288 379 334 396	102641276	LOC102641276
rect	288 379 334 396	14688	Gnb1
rect	288 379 334 396	14693	Gnb2
rect	288 379 334 396	14695	Gnb3
rect	288 379 334 396	14696	Gnb4
rect	288 379 334 396	14697	Gnb5
rect	288 379 334 396	14699	Gngt1
rect	288 379 334 396	14700	Gng10
rect	288 379 334 396	14701	Gng12
rect	288 379 334 396	14702	Gng2
rect	288 379 334 396	14704	Gng3
rect	288 379 334 396	14706	Gng4
rect	288 379 334 396	14707	Gng5
rect	288 379 334 396	14708	Gng7
rect	288 379 334 396	14709	Gng8
rect	288 379 334 396	14710	Gngt2
rect	288 379 334 396	64337	Gng13
rect	288 379 334 396	66066	Gng11
rect	177 379 223 396	15566	Htr7
rect	310 296 356 313	18803	Plcg1
rect	310 296 356 313	234779	Plcg2
rect	248 334 294 351	22637	Zap70
rect	318 334 364 351	16797	Lat
rect	1002 167 1048 184	18479	Pak1
rect	1002 167 1048 184	18481	Pak3
rect	1002 167 1048 184	214230	Pak6
rect	1002 167 1048 184	224105	Pak2
rect	1002 167 1048 184	241656	Pak7
rect	1002 167 1048 184	70584	Pak4
rect	944 559 990 576	66482	Exoc2
rect	1044 560 1090 577	56480	Tbk1
rect	1119 560 1165 577	19696	Rel
rect	784 466 830 483	72399	Brap
rect	909 438 955 455	16706	Ksr1
rect	909 438 955 455	333050	Ksr2
rect	573 656 619 673	72399	Brap
rect	328 416 374 433	18747	Prkaca
rect	328 416 374 433	18749	Prkacb
rect	760 397 806 414	56392	Shoc2
rect	882 372 992 406	NA	mmu04010
rect	40 45 273 70	NA	mmu04917
rect	842 305 952 339	NA	mmu04151
rect	996 669 1106 703	NA	mmu04020
rect	1091 750 1183 775	NA	mmu04144
rect	1062 145 1172 179	NA	mmu04810
rect	481 430 617 455	NA	mmu04720
rect	388 331 498 365	NA	mmu04660
rect	930 486 1040 520	NA	mmu04010
