shape	coords	gid	sym.path.compounds.map
circle	594 547 4	NA	C01245
circle	638 547 4	NA	C00076
circle	556 504 4	NA	C00027
rect	185 160 231 177	12978	Csf1r
rect	338 350 384 367	22030	Traf2
rect	338 350 384 367	22034	Traf6
rect	185 350 231 367	21934	Tnfrsf11a
rect	113 350 159 367	21943	Tnfsf11
rect	113 160 159 177	12977	Csf1
rect	113 385 159 402	18383	Tnfrsf11b
rect	337 277 383 294	74256	Cyld
rect	372 409 418 426	14389	Gab2
rect	534 275 580 292	53859	Map3k14
rect	633 275 679 292	12675	Chuk
rect	533 316 579 333	16151	Ikbkg
rect	533 333 579 350	12675	Chuk
rect	533 350 579 367	16150	Ikbkb
rect	762 350 808 367	18035	Nfkbia
rect	762 315 808 332	18033	Nfkb1
rect	762 315 808 332	19697	Rela
rect	434 350 480 367	26409	Map3k7
rect	434 367 480 384	66513	Tab1
rect	434 367 480 384	68652	Tab2
rect	534 427 580 444	26399	Map2k6
rect	534 405 580 422	26395	Map2k1
rect	617 449 663 466	26414	Mapk10
rect	617 449 663 466	26419	Mapk8
rect	617 449 663 466	26420	Mapk9
rect	617 427 663 444	19094	Mapk11
rect	617 427 663 444	26415	Mapk13
rect	617 427 663 444	26416	Mapk14
rect	617 427 663 444	29857	Mapk12
rect	1018 275 1064 292	18018	Nfatc1
rect	1018 301 1064 318	15977	Ifnb1
rect	113 670 159 687	15977	Ifnb1
rect	185 670 231 687	15975	Ifnar1
rect	185 670 231 687	15976	Ifnar2
rect	284 670 330 687	16451	Jak1
rect	284 670 330 687	54721	Tyk2
rect	400 670 446 687	20846	Stat1
rect	400 670 446 687	20847	Stat2
rect	484 670 530 687	16391	Irf9
rect	463 232 509 249	14360	Fyn
rect	463 232 509 249	16818	Lck
rect	546 232 592 249	18706	Pik3ca
rect	546 232 592 249	18707	Pik3cd
rect	546 232 592 249	18708	Pik3r1
rect	546 232 592 249	18709	Pik3r2
rect	546 232 592 249	18710	Pik3r3
rect	546 232 592 249	30955	Pik3cg
rect	546 232 592 249	320207	Pik3r5
rect	546 232 592 249	74769	Pik3cb
rect	629 232 675 249	11651	Akt1
rect	629 232 675 249	11652	Akt2
rect	629 232 675 249	23797	Akt3
rect	113 265 159 282	16175	Il1a
rect	113 265 159 282	16176	Il1b
rect	185 265 231 282	16177	Il1r1
rect	113 205 159 222	15978	Ifng
rect	185 205 231 222	15979	Ifngr1
rect	185 205 231 222	15980	Ifngr2
rect	284 205 330 222	20846	Stat1
rect	870 438 916 455	14281	Fos
rect	870 438 916 455	14282	Fosb
rect	870 438 916 455	14283	Fosl1
rect	870 438 916 455	14284	Fosl2
rect	870 438 916 455	16476	Jun
rect	870 438 916 455	16477	Junb
rect	870 438 916 455	16478	Jund
rect	185 509 231 526	14129	Fcgr1
rect	185 509 231 526	14130	Fcgr2b
rect	185 509 231 526	14131	Fcgr3
rect	185 509 231 526	246256	Fcgr4
rect	185 587 231 604	22177	Tyrobp
rect	289 462 335 479	12229	Btk
rect	289 462 335 479	21682	Tec
rect	271 548 317 565	20963	Syk
rect	338 538 384 555	16822	Lcp2
rect	338 538 384 555	17060	Blnk
rect	401 538 447 555	234779	Plcg2
rect	670 539 716 556	19055	Ppp3ca
rect	670 539 716 556	19056	Ppp3cb
rect	670 539 716 556	19057	Ppp3cc
rect	670 539 716 556	19058	Ppp3r1
rect	670 539 716 556	19059	Ppp3r2
rect	763 539 809 556	18018	Nfatc1
rect	670 603 716 620	12326	Camk4
rect	870 603 916 620	12912	Creb1
rect	1018 625 1064 642	14281	Fos
rect	1018 531 1064 548	13038	Ctsk
rect	1018 550 1064 567	11433	Acp5
rect	1018 569 1064 586	12311	Calcr
rect	1018 588 1064 605	16416	Itgb3
rect	870 552 916 569	20375	Spi1
rect	870 571 916 588	17342	Mitf
rect	113 293 159 310	21926	Tnf
rect	185 293 231 310	21937	Tnfrsf1a
rect	869 301 915 318	18019	Nfatc2
rect	284 640 330 657	12702	Socs3
rect	284 640 330 657	12703	Socs1
rect	316 388 362 405	14200	Fhl2
rect	871 649 917 666	19016	Pparg
rect	113 312 159 329	21803	Tgfb1
rect	113 312 159 329	21808	Tgfb2
rect	185 312 231 329	21812	Tgfbr1
rect	185 312 231 329	21813	Tgfbr2
rect	762 275 808 292	18034	Nfkb2
rect	762 275 808 292	19698	Relb
rect	366 306 412 323	18412	Sqstm1
rect	284 144 330 161	14784	Grb2
rect	369 144 415 161	26413	Mapk1
rect	369 144 415 161	26417	Mapk3
rect	534 449 580 466	26400	Map2k7
rect	439 425 485 442	19353	Rac1
rect	464 495 510 512	13057	Cyba
rect	464 495 510 512	13058	Cybb
rect	464 495 510 512	17969	Ncf1
rect	464 495 510 512	17970	Ncf2
rect	464 495 510 512	17972	Ncf4
rect	464 495 510 512	224480	Nox3
rect	464 495 510 512	237038	Nox1
rect	185 492 231 509	100038909	Gm14548
rect	185 492 231 509	100041146	Gm15448
rect	185 492 231 509	18722	Pira1
rect	185 492 231 509	18724	Pira11
rect	185 492 231 509	18725	Pira2
rect	185 492 231 509	18726	Lilra6
rect	185 492 231 509	18727	Pira4
rect	185 492 231 509	18728	Pira5
rect	185 492 231 509	18729	Pira6
rect	185 492 231 509	18730	Pira7
rect	185 492 231 509	18733	Pirb
rect	185 492 231 509	232790	Oscar
rect	185 492 231 509	232801	Lilra5
rect	185 570 231 587	100038947	LOC100038947
rect	185 570 231 587	19261	Sirpa
rect	185 570 231 587	320832	Sirpb1a
rect	185 570 231 587	668101	Sirpb1b
rect	185 570 231 587	751864	Gm9733
rect	185 570 231 587	83433	Trem2
rect	40 45 293 70	NA	mmu04380
rect	364 628 473 662	NA	mmu04630
rect	675 397 782 431	NA	mmu04010
rect	534 562 641 596	NA	mmu04020
rect	619 316 726 350	NA	mmu04064
rect	522 180 629 214	NA	mmu04151
