shape	coords	gid	sym.path.compounds.map
circle	507 262 4	NA	C05981
circle	482 438 4	NA	C00165
circle	478 315 4	NA	C01245
circle	525 315 4	NA	C00076
circle	527 637 4	NA	C00575
circle	916 436 4	NA	C00416
circle	741 506 4	NA	C04637
circle	879 324 4	NA	C00681
circle	959 608 4	NA	C00165
circle	537 539 4	NA	C05981
circle	1097 378 4	NA	C06124
circle	214 677 4	NA	C00416
circle	60 579 4	NA	C00752
circle	119 579 4	NA	C02135
circle	113 617 4	NA	C00025
circle	86 645 4	NA	C00681
circle	61 678 4	NA	C00639
circle	1160 378 4	NA	C00076
rect	1120 431 1166 448	26413	Mapk1
rect	1120 431 1166 448	26417	Mapk3
rect	1040 431 1086 448	26395	Map2k1
rect	1040 431 1086 448	26396	Map2k2
rect	957 431 1003 448	110157	Raf1
rect	493 165 539 182	15461	Hras
rect	493 165 539 182	16653	Kras
rect	493 165 539 182	17532	Mras
rect	493 165 539 182	18176	Nras
rect	493 165 539 182	20130	Rras
rect	493 165 539 182	66922	Rras2
rect	267 153 313 170	14784	Grb2
rect	405 165 451 182	20662	Sos1
rect	405 165 451 182	20663	Sos2
rect	582 254 628 271	11651	Akt1
rect	582 254 628 271	11652	Akt2
rect	582 254 628 271	23797	Akt3
rect	371 254 417 271	18706	Pik3ca
rect	371 254 417 271	18707	Pik3cd
rect	371 254 417 271	18708	Pik3r1
rect	371 254 417 271	18709	Pik3r2
rect	371 254 417 271	18710	Pik3r3
rect	371 254 417 271	30955	Pik3cg
rect	371 254 417 271	320207	Pik3r5
rect	371 254 417 271	74769	Pik3cb
rect	267 179 313 196	20416	Shc1
rect	267 179 313 196	20418	Shc3
rect	267 179 313 196	216148	Shc2
rect	267 179 313 196	271849	Shc4
rect	90 344 136 361	17311	Kitl
rect	177 334 223 351	13649	Egfr
rect	177 334 223 351	16337	Insr
rect	177 334 223 351	16590	Kit
rect	177 334 223 351	18595	Pdgfra
rect	177 334 223 351	18596	Pdgfrb
rect	319 153 365 170	14388	Gab1
rect	319 153 365 170	14389	Gab2
rect	319 179 365 196	19247	Ptpn11
rect	581 165 627 182	19730	Ralgds
rect	667 165 713 182	56044	Rala
rect	667 165 713 182	64143	Ralb
rect	589 348 635 365	11848	Rhoa
rect	589 348 635 365	67653	4930544G11Rik
rect	177 631 223 648	108068	Grm2
rect	177 631 223 648	108069	Grm3
rect	177 631 223 648	108071	Grm5
rect	177 631 223 648	108072	Grm6
rect	177 631 223 648	108073	Grm7
rect	177 631 223 648	11607	Agtr1a
rect	177 631 223 648	11608	Agtr1b
rect	177 631 223 648	12000	Avpr2
rect	177 631 223 648	12765	Cxcr2
rect	177 631 223 648	14062	F2r
rect	177 631 223 648	14745	Lpar1
rect	177 631 223 648	14816	Grm1
rect	177 631 223 648	14823	Grm8
rect	177 631 223 648	19220	Ptgfr
rect	177 631 223 648	227288	Cxcr1
rect	177 631 223 648	26361	Avpr1b
rect	177 631 223 648	268934	Grm4
rect	177 631 223 648	381810	Lpar5
rect	177 631 223 648	53978	Lpar2
rect	177 631 223 648	54140	Avpr1a
rect	177 631 223 648	65086	Lpar3
rect	177 631 223 648	67168	Lpar6
rect	177 631 223 648	78134	Lpar4
rect	369 336 415 353	18803	Plcg1
rect	369 336 415 353	234779	Plcg2
rect	562 581 608 598	223864	Rapgef3
rect	562 581 608 598	56508	Rapgef4
rect	533 430 579 447	18750	Prkca
rect	762 431 808 448	18805	Pld1
rect	762 431 808 448	18806	Pld2
rect	373 490 419 510	18795	Plcb1
rect	373 490 419 510	18796	Plcb2
rect	373 490 419 510	18797	Plcb3
rect	373 490 419 510	18798	Plcb4
rect	814 254 860 271	22084	Tsc2
rect	814 254 860 271	64930	Tsc1
rect	906 254 952 271	19744	Rheb
rect	998 254 1044 271	56717	Mtor
rect	553 470 599 487	11848	Rhoa
rect	553 470 599 487	67653	4930544G11Rik
rect	816 497 862 514	18717	Pip5k1c
rect	816 497 862 514	18719	Pip5k1b
rect	816 497 862 514	18720	Pip5k1a
rect	363 597 409 614	14674	Gna13
rect	454 556 500 573	30955	Pik3cg
rect	580 505 626 522	19157	Cyth1
rect	580 505 626 522	19158	Cyth2
rect	580 505 626 522	19159	Cyth3
rect	580 505 626 522	72318	Cyth4
rect	659 473 705 490	11840	Arf1
rect	311 631 357 648	14683	Gnas
rect	432 631 478 648	104110	Adcy4
rect	432 631 478 648	104111	Adcy3
rect	432 631 478 648	11512	Adcy6
rect	432 631 478 648	11513	Adcy7
rect	432 631 478 648	11514	Adcy8
rect	432 631 478 648	11515	Adcy9
rect	432 631 478 648	210044	Adcy2
rect	432 631 478 648	224129	Adcy5
rect	432 631 478 648	432530	Adcy1
rect	620 541 666 558	20130	Rras
rect	620 541 666 558	66922	Rras2
rect	438 505 484 522	19229	Ptk2b
rect	345 544 391 561	14673	Gna12
rect	840 376 886 393	18783	Pla2g4a
rect	840 376 886 393	211429	Pla2g4b
rect	840 376 886 393	232889	Pla2g4c
rect	840 376 886 393	271844	Pla2g4f
rect	840 376 886 393	329502	Pla2g4e
rect	840 376 886 393	78390	Pla2g4d
rect	956 528 1002 545	19012	Plpp1
rect	956 528 1002 545	50784	Plpp2
rect	956 528 1002 545	67916	Plpp3
rect	882 528 928 545	104418	Dgkz
rect	882 528 928 545	110197	Dgkg
rect	882 528 928 545	110524	Dgkq
rect	882 528 928 545	13139	Dgka
rect	882 528 928 545	217480	Dgkb
rect	882 528 928 545	227333	Dgkd
rect	882 528 928 545	320127	Dgki
rect	882 528 928 545	331374	Dgkk
rect	882 528 928 545	380921	Dgkh
rect	882 528 928 545	56077	Dgke
rect	1002 369 1048 386	20698	Sphk1
rect	90 321 136 338	18590	Pdgfa
rect	90 321 136 338	18591	Pdgfb
rect	90 321 136 338	54635	Pdgfc
rect	90 321 136 338	71785	Pdgfd
rect	90 368 136 385	16333	Ins1
rect	90 368 136 385	16334	Ins2
rect	90 297 136 314	13645	Egf
rect	177 714 223 731	103967	Dnm3
rect	177 714 223 731	13429	Dnm1
rect	177 714 223 731	13430	Dnm2
rect	177 750 223 767	103967	Dnm3
rect	177 750 223 767	13429	Dnm1
rect	177 750 223 767	13430	Dnm2
rect	104 456 150 473	102642252	LOC102642252
rect	104 456 150 473	105243590	LOC105243590
rect	243 413 289 430	14360	Fyn
rect	288 364 334 381	14389	Gab2
rect	177 456 223 473	14125	Fcer1a
rect	177 456 223 473	14126	Ms4a2
rect	177 456 223 473	14127	Fcer1g
rect	303 413 349 430	20963	Syk
rect	35 614 81 631	11998	Avp
rect	647 335 693 352	11840	Arf1
rect	647 335 693 352	11845	Arf6
rect	905 354 951 371	28169	Agpat3
rect	905 354 951 371	52123	Agpat5
rect	905 354 951 371	55979	Agpat1
rect	905 354 951 371	67512	Agpat2
rect	905 354 951 371	68262	Agpat4
rect	1049 452 1159 486	NA	mmu04010
rect	40 45 369 70	NA	mmu04072
rect	445 216 555 250	NA	mmu04151
rect	470 360 580 394	NA	mmu04020
rect	481 729 573 754	NA	mmu04144
rect	910 629 1020 663	NA	mmu00561
rect	1041 330 1151 364	NA	mmu04071
rect	415 122 525 156	NA	mmu04014
rect	917 205 1027 239	NA	mmu04150
rect	249 460 359 494	NA	mmu04664
rect	586 613 696 647	NA	mmu04024
