shape	coords	gid	sym.path.compounds.map
circle	461 555 4	NA	C00027
circle	688 420 4	NA	C00076
circle	586 434 4	NA	C00076
circle	820 228 4	NA	C00575
circle	952 368 4	NA	C04637
rect	252 684 298 701	100039801	Cldn24
rect	252 684 298 701	114141	Cldn16
rect	252 684 298 701	12737	Cldn1
rect	252 684 298 701	12738	Cldn2
rect	252 684 298 701	12739	Cldn3
rect	252 684 298 701	12740	Cldn4
rect	252 684 298 701	12741	Cldn5
rect	252 684 298 701	18260	Ocln
rect	252 684 298 701	18417	Cldn11
rect	252 684 298 701	239931	Cldn17
rect	252 684 298 701	242653	Cldn19
rect	252 684 298 701	53624	Cldn7
rect	252 684 298 701	54419	Cldn6
rect	252 684 298 701	54420	Cldn8
rect	252 684 298 701	56173	Cldn14
rect	252 684 298 701	56492	Cldn18
rect	252 684 298 701	56863	Cldn9
rect	252 684 298 701	57255	Cldn13
rect	252 684 298 701	58187	Cldn10
rect	252 684 298 701	60363	Cldn15
rect	252 684 298 701	621628	Cldn20
rect	252 684 298 701	69524	Esam
rect	252 684 298 701	71908	Cldn23
rect	252 684 298 701	73934	Cldn34c4
rect	252 684 298 701	74987	Cldn34d
rect	252 684 298 701	75677	Cldn22
rect	283 569 329 586	17390	Mmp2
rect	283 569 329 586	17395	Mmp9
rect	175 684 221 701	100039801	Cldn24
rect	175 684 221 701	114141	Cldn16
rect	175 684 221 701	12737	Cldn1
rect	175 684 221 701	12738	Cldn2
rect	175 684 221 701	12739	Cldn3
rect	175 684 221 701	12740	Cldn4
rect	175 684 221 701	12741	Cldn5
rect	175 684 221 701	18260	Ocln
rect	175 684 221 701	18417	Cldn11
rect	175 684 221 701	239931	Cldn17
rect	175 684 221 701	242653	Cldn19
rect	175 684 221 701	53624	Cldn7
rect	175 684 221 701	54419	Cldn6
rect	175 684 221 701	54420	Cldn8
rect	175 684 221 701	56173	Cldn14
rect	175 684 221 701	56492	Cldn18
rect	175 684 221 701	56863	Cldn9
rect	175 684 221 701	57255	Cldn13
rect	175 684 221 701	58187	Cldn10
rect	175 684 221 701	60363	Cldn15
rect	175 684 221 701	621628	Cldn20
rect	175 684 221 701	69524	Esam
rect	175 684 221 701	71908	Cldn23
rect	175 684 221 701	73934	Cldn34c4
rect	175 684 221 701	74987	Cldn34d
rect	175 684 221 701	75677	Cldn22
rect	396 600 442 617	19247	Ptpn11
rect	268 624 314 641	12562	Cdh5
rect	167 512 213 529	673094	Cd99
rect	316 475 362 492	18613	Pecam1
rect	258 422 304 439	16414	Itgb2
rect	258 422 304 439	16415	Itgb2l
rect	314 637 360 654	12388	Ctnnd1
rect	729 563 775 580	12927	Bcar1
rect	876 450 922 467	17356	Mllt4
rect	956 482 1002 499	20469	Sipa1
rect	257 475 303 492	18613	Pecam1
rect	316 413 362 430	16456	F11r
rect	258 405 304 422	16408	Itgal
rect	158 624 204 641	12562	Cdh5
rect	413 499 459 516	19247	Ptpn11
rect	108 512 154 529	673094	Cd99
rect	167 456 213 473	16412	Itgb1
rect	167 439 213 456	16401	Itga4
rect	108 447 154 464	67374	Jam2
rect	167 391 213 408	16414	Itgb2
rect	167 391 213 408	16415	Itgb2l
rect	167 374 213 391	16409	Itgam
rect	612 394 658 411	18706	Pik3ca
rect	612 394 658 411	18707	Pik3cd
rect	612 394 658 411	18708	Pik3r1
rect	612 394 658 411	18709	Pik3r2
rect	612 394 658 411	18710	Pik3r3
rect	612 394 658 411	30955	Pik3cg
rect	612 394 658 411	320207	Pik3r5
rect	612 394 658 411	74769	Pik3cb
rect	386 475 432 492	12387	Ctnnb1
rect	803 624 849 641	11461	Actb
rect	803 624 849 641	11465	Actg1
rect	803 569 849 586	17898	Myl7
rect	803 569 849 586	17906	Myl2
rect	803 569 849 586	17907	Mylpf
rect	803 569 849 586	59310	Myl10
rect	803 569 849 586	67268	Myl12a
rect	803 569 849 586	67938	Myl12b
rect	803 569 849 586	98932	Myl9
rect	803 514 849 531	19877	Rock1
rect	803 514 849 531	19878	Rock2
rect	664 458 710 475	18750	Prkca
rect	664 458 710 475	18751	Prkcb
rect	664 458 710 475	18752	Prkcg
rect	729 518 775 535	14083	Ptk2
rect	803 460 849 477	11848	Rhoa
rect	803 460 849 477	67653	4930544G11Rik
rect	108 383 154 400	83964	Jam3
rect	545 580 591 597	19094	Mapk11
rect	545 580 591 597	26415	Mapk13
rect	545 580 591 597	26416	Mapk14
rect	545 580 591 597	29857	Mapk12
rect	772 387 818 404	11855	Arhgap5
rect	772 387 818 404	232906	Arhgap35
rect	503 624 549 641	12385	Ctnna1
rect	503 624 549 641	12386	Ctnna2
rect	503 624 549 641	216033	Ctnna3
rect	515 491 561 508	13058	Cybb
rect	515 491 561 508	224480	Nox3
rect	515 491 561 508	237038	Nox1
rect	558 491 604 508	13057	Cyba
rect	515 508 561 525	17970	Ncf2
rect	729 541 775 558	19303	Pxn
rect	558 508 604 525	17969	Ncf1
rect	596 444 642 461	19353	Rac1
rect	537 525 583 542	17972	Ncf4
rect	384 624 430 641	12387	Ctnnb1
rect	706 158 752 175	109905	Rap1a
rect	706 158 752 175	215449	Rap1b
rect	548 168 594 185	22324	Vav1
rect	548 168 594 185	22325	Vav2
rect	548 168 594 185	57257	Vav3
rect	750 268 796 285	16409	Itgam
rect	666 268 712 285	16408	Itgal
rect	843 147 889 164	19353	Rac1
rect	832 102 878 119	19354	Rac2
rect	634 338 680 355	17698	Msn
rect	634 338 680 355	22350	Ezr
rect	571 285 617 302	16412	Itgb1
rect	750 285 796 302	16414	Itgb2
rect	750 285 796 302	16415	Itgb2l
rect	666 285 712 302	16414	Itgb2
rect	666 285 712 302	16415	Itgb2l
rect	762 191 808 208	223864	Rapgef3
rect	762 191 808 208	56508	Rapgef4
rect	788 158 834 175	16428	Itk
rect	788 158 834 175	22165	Txk
rect	706 141 752 158	54354	Rassf5
rect	612 144 658 161	19229	Ptk2b
rect	833 321 879 338	20315	Cxcl12
rect	833 276 879 293	12767	Cxcr4
rect	833 251 879 268	14677	Gnai1
rect	833 251 879 268	14678	Gnai2
rect	833 251 879 268	14679	Gnai3
rect	750 321 796 338	21838	Thy1
rect	571 321 617 338	22329	Vcam1
rect	665 321 711 338	15894	Icam1
rect	664 369 710 386	18803	Plcg1
rect	664 369 710 386	234779	Plcg2
rect	958 307 1004 324	11461	Actb
rect	958 307 1004 324	11465	Actg1
rect	737 74 783 91	17898	Myl7
rect	737 74 783 91	17906	Myl2
rect	737 74 783 91	17907	Mylpf
rect	737 74 783 91	59310	Myl10
rect	737 74 783 91	67268	Myl12a
rect	737 74 783 91	67938	Myl12b
rect	737 74 783 91	98932	Myl9
rect	662 74 708 91	19877	Rock1
rect	662 74 708 91	19878	Rock2
rect	587 74 633 91	11848	Rhoa
rect	587 74 633 91	67653	4930544G11Rik
rect	822 125 868 142	12540	Cdc42
rect	571 268 617 285	16401	Itga4
rect	562 221 608 238	74734	Rhoh
rect	538 338 584 355	17698	Msn
rect	538 338 584 355	22350	Ezr
rect	983 358 1029 375	22330	Vcl
rect	930 334 976 351	22323	Vasp
rect	872 200 918 217	18706	Pik3ca
rect	872 200 918 217	18707	Pik3cd
rect	872 200 918 217	18708	Pik3r1
rect	872 200 918 217	18709	Pik3r2
rect	872 200 918 217	18710	Pik3r3
rect	872 200 918 217	30955	Pik3cg
rect	872 200 918 217	320207	Pik3r5
rect	872 200 918 217	74769	Pik3cb
rect	983 334 1029 351	109711	Actn1
rect	983 334 1029 351	11472	Actn2
rect	983 334 1029 351	11474	Actn3
rect	983 334 1029 351	60595	Actn4
rect	706 112 752 129	22324	Vav1
rect	706 112 752 129	22325	Vav2
rect	706 112 752 129	57257	Vav3
rect	476 304 522 321	11461	Actb
rect	476 304 522 321	11465	Actg1
rect	876 481 922 498	109905	Rap1a
rect	876 481 922 498	215449	Rap1b
rect	309 678 420 712	NA	mmu04514
rect	887 610 998 644	NA	mmu04810
rect	40 45 394 70	NA	mmu04670
