shape	coords	gid	sym.path.compounds.map
circle	757 410 4	NA	C05981
circle	804 684 4	NA	C00165
circle	851 649 4	NA	C00076
circle	805 649 4	NA	C01245
rect	339 551 385 568	102642252	LOC102642252
rect	339 551 385 568	105243590	LOC105243590
rect	964 640 1010 657	18018	Nfatc1
rect	964 640 1010 657	18019	Nfatc2
rect	889 640 935 657	19055	Ppp3ca
rect	889 640 935 657	19056	Ppp3cb
rect	889 640 935 657	19057	Ppp3cc
rect	889 640 935 657	19058	Ppp3r1
rect	889 640 935 657	19059	Ppp3r2
rect	615 722 661 739	14360	Fyn
rect	1154 802 1200 819	22035	Tnfsf10
rect	264 748 310 765	15979	Ifngr1
rect	264 748 310 765	15980	Ifngr2
rect	716 641 762 658	18803	Plcg1
rect	716 641 762 658	234779	Plcg2
rect	642 640 688 657	16797	Lat
rect	264 937 310 954	18646	Prf1
rect	1159 664 1205 681	15978	Ifng
rect	1159 640 1205 657	12981	Csf2
rect	1159 616 1205 633	21926	Tnf
rect	874 675 920 692	18750	Prkca
rect	874 675 920 692	18751	Prkcb
rect	874 675 920 692	18752	Prkcg
rect	645 374 691 391	24055	Sh3bp2
rect	698 442 744 459	18803	Plcg1
rect	698 442 744 459	234779	Plcg2
rect	640 457 686 474	16797	Lat
rect	657 241 703 258	19229	Ptk2b
rect	640 436 686 453	16822	Lcp2
rect	552 497 598 514	20963	Syk
rect	552 475 598 492	22637	Zap70
rect	562 401 608 418	16818	Lck
rect	585 672 631 689	26904	Sh2d1b1
rect	551 531 597 548	14360	Fyn
rect	530 695 576 712	20400	Sh2d1a
rect	479 629 525 646	23900	Hcst
rect	477 562 523 579	12503	Cd247
rect	477 539 523 556	14127	Fcer1g
rect	477 421 523 438	22177	Tyrobp
rect	501 229 547 246	19247	Ptpn11
rect	501 204 547 221	15170	Ptpn6
rect	339 802 385 819	15962	Ifna1
rect	339 802 385 819	15964	Ifna11
rect	339 802 385 819	15965	Ifna2
rect	339 802 385 819	15967	Ifna4
rect	339 802 385 819	15968	Ifna5
rect	339 802 385 819	15969	Ifna6
rect	339 802 385 819	15970	Ifna7
rect	339 802 385 819	15972	Ifna9
rect	339 802 385 819	15974	Ifnab
rect	339 802 385 819	15977	Ifnb1
rect	339 802 385 819	15978	Ifng
rect	339 802 385 819	230396	Ifna13
rect	339 802 385 819	242517	Ifna15
rect	339 802 385 819	242519	Ifna12
rect	339 802 385 819	404549	Ifna14
rect	46 939 92 956	12122	Bid
rect	46 894 92 911	12367	Casp3
rect	149 916 195 933	14939	Gzmb
rect	264 897 310 914	18646	Prf1
rect	264 855 310 872	14102	Fas
rect	264 829 310 846	21933	Tnfrsf10b
rect	264 694 310 711	12506	Cd48
rect	264 329 310 346	15894	Icam1
rect	264 329 310 346	15896	Icam2
rect	757 485 803 502	18706	Pik3ca
rect	757 485 803 502	18707	Pik3cd
rect	757 485 803 502	18708	Pik3r1
rect	757 485 803 502	18709	Pik3r2
rect	757 485 803 502	18710	Pik3r3
rect	757 485 803 502	30955	Pik3cg
rect	757 485 803 502	320207	Pik3r5
rect	757 485 803 502	74769	Pik3cb
rect	1000 608 1046 625	26413	Mapk1
rect	1000 608 1046 625	26417	Mapk3
rect	916 531 962 548	26395	Map2k1
rect	916 531 962 548	26396	Map2k2
rect	918 577 964 594	109880	Braf
rect	918 577 964 594	110157	Raf1
rect	918 577 964 594	11836	Araf
rect	848 577 894 594	15461	Hras
rect	848 577 894 594	16653	Kras
rect	848 577 894 594	18176	Nras
rect	779 577 825 594	20662	Sos1
rect	779 577 825 594	20663	Sos2
rect	707 577 753 594	14784	Grb2
rect	635 577 681 594	20416	Shc1
rect	635 577 681 594	20418	Shc3
rect	635 577 681 594	216148	Shc2
rect	635 577 681 594	271849	Shc4
rect	825 483 871 500	18479	Pak1
rect	774 331 820 348	170758	Rac3
rect	774 331 820 348	19353	Rac1
rect	774 331 820 348	19354	Rac2
rect	701 330 747 347	22324	Vav1
rect	701 330 747 347	22325	Vav2
rect	701 330 747 347	57257	Vav3
rect	478 901 524 918	14103	Fasl
rect	531 917 577 934	14939	Gzmb
rect	478 937 524 954	18646	Prf1
rect	406 430 452 447	16643	Klrd1
rect	406 855 452 872	14103	Fasl
rect	406 829 452 846	22035	Tnfsf10
rect	406 802 452 819	15975	Ifnar1
rect	406 802 452 819	15976	Ifnar2
rect	406 802 452 819	15979	Ifngr1
rect	406 802 452 819	15980	Ifngr2
rect	406 694 452 711	18106	Cd244
rect	406 628 452 645	27007	Klrk1
rect	406 519 452 536	17086	Ncr1
rect	406 550 452 567	246256	Fcgr4
rect	406 337 452 354	16414	Itgb2
rect	406 337 452 354	16415	Itgb2l
rect	406 320 452 337	16408	Itgal
rect	406 262 452 279	16643	Klrd1
rect	1034 71 1080 88	14964	H2-D1
rect	1034 97 1080 114	14964	H2-D1
rect	1034 123 1080 140	14964	H2-D1
rect	1034 149 1080 166	14972	H2-K1
rect	1034 175 1080 192	14972	H2-K1
rect	1034 201 1080 218	15040	H2-T23
rect	1034 263 1080 280	15894	Icam1
rect	1034 263 1080 280	15896	Icam2
rect	1034 478 1080 495	15101	H60a
rect	1034 502 1080 519	19368	Raet1a
rect	1034 502 1080 519	19369	Raet1b
rect	1034 502 1080 519	19370	Raet1c
rect	1034 502 1080 519	379043	Raet1e
rect	1034 502 1080 519	56554	Raet1d
rect	1034 527 1080 544	77777	Ulbp1
rect	1177 76 1223 93	16627	Klra1
rect	1177 102 1223 119	16634	Klra3
rect	1177 129 1223 146	16638	Klra7
rect	1177 155 1223 172	16640	Klra9
rect	1177 194 1223 211	16641	Klrc1
rect	1177 211 1223 228	16643	Klrd1
rect	1177 254 1223 271	16408	Itgal
rect	1177 271 1223 288	16414	Itgb2
rect	1177 271 1223 288	16415	Itgb2l
rect	1177 299 1223 316	16635	Klra4
rect	1177 327 1223 344	16642	Klrc2
rect	1177 344 1223 361	16643	Klrd1
rect	1177 374 1223 391	16639	Klra8
rect	1177 405 1223 422	246256	Fcgr4
rect	1177 431 1223 448	17086	Ncr1
rect	1177 457 1223 474	17059	Klrb1c
rect	1177 502 1223 519	27007	Klrk1
rect	1112 405 1158 422	102642252	LOC102642252
rect	1112 405 1158 422	105243590	LOC105243590
rect	40 45 419 70	NA	mmu04650
rect	765 529 878 563	NA	mmu04010
rect	914 705 1014 739	NA	mmu04020
rect	647 795 756 829	NA	mmu04630
rect	479 767 588 802	NA	mmu04060
rect	41 508 150 533	NA	mmu04210
