shape	coords	gid	sym.path.compounds.map
circle	709 155 4	NA	C00025
circle	347 170 4	NA	C00064
circle	195 347 4	NA	C00064
circle	193 616 4	NA	C00025
circle	407 536 4	NA	C00025
circle	728 533 4	NA	C00076
circle	1002 711 4	NA	C00064
circle	1051 627 4	NA	C01245
circle	1046 668 4	NA	C00165
circle	1102 615 4	NA	C00076
circle	726 600 4	NA	C00076
circle	730 404 4	NA	C01330
circle	727 479 4	NA	C01330
circle	858 277 4	NA	C00025
circle	921 277 4	NA	C00076
circle	457 490 4	NA	C00575
circle	680 767 4	NA	C00025
circle	667 511 4	NA	C00076
circle	638 630 4	NA	C00025
circle	666 454 4	NA	C00076
circle	193 501 4	NA	C00064
circle	194 555 4	NA	C00025
circle	578 410 4	NA	C00238
rect	751 800 797 817	108072	Grm6
rect	751 800 797 817	108073	Grm7
rect	751 800 797 817	14823	Grm8
rect	751 395 797 412	110637	Grik4
rect	751 395 797 412	14805	Grik1
rect	751 395 797 412	14806	Grik2
rect	751 395 797 412	14807	Grik3
rect	751 395 797 412	14809	Grik5
rect	751 471 797 488	14799	Gria1
rect	751 471 797 488	14800	Gria2
rect	751 471 797 488	14802	Gria4
rect	751 471 797 488	53623	Gria3
rect	751 525 797 542	14810	Grin1
rect	751 525 797 542	14811	Grin2a
rect	751 525 797 542	14812	Grin2b
rect	751 525 797 542	14813	Grin2c
rect	751 525 797 542	14814	Grin2d
rect	751 525 797 542	170483	Grin3b
rect	751 525 797 542	242443	Grin3a
rect	751 703 797 720	108071	Grm5
rect	751 703 797 720	14816	Grm1
rect	751 735 797 752	108068	Grm2
rect	751 735 797 752	108069	Grm3
rect	751 769 797 786	268934	Grm4
rect	835 312 881 329	20510	Slc1a1
rect	835 312 881 329	20513	Slc1a6
rect	899 312 945 329	12288	Cacna1c
rect	899 312 945 329	12289	Cacna1d
rect	687 210 733 227	20511	Slc1a2
rect	687 210 733 227	20512	Slc1a3
rect	600 445 646 462	110637	Grik4
rect	600 445 646 462	14805	Grik1
rect	600 445 646 462	14806	Grik2
rect	600 445 646 462	14807	Grik3
rect	600 445 646 462	14809	Grik5
rect	580 210 626 227	108071	Grm5
rect	436 312 482 329	108068	Grm2
rect	436 312 482 329	108069	Grm3
rect	399 432 445 449	104110	Adcy4
rect	399 432 445 449	104111	Adcy3
rect	399 432 445 449	11512	Adcy6
rect	399 432 445 449	11513	Adcy7
rect	399 432 445 449	11514	Adcy8
rect	399 432 445 449	11515	Adcy9
rect	399 432 445 449	210044	Adcy2
rect	399 432 445 449	224129	Adcy5
rect	399 432 445 449	432530	Adcy1
rect	322 210 368 227	76257	Slc38a3
rect	170 391 216 408	105727	Slc38a1
rect	170 391 216 408	67760	Slc38a2
rect	218 609 264 626	140919	Slc17a6
rect	218 609 264 626	216227	Slc17a8
rect	218 609 264 626	72961	Slc17a7
rect	844 703 890 720	14683	Gnas
rect	922 703 968 720	104110	Adcy4
rect	922 703 968 720	104111	Adcy3
rect	922 703 968 720	11512	Adcy6
rect	922 703 968 720	11513	Adcy7
rect	922 703 968 720	11514	Adcy8
rect	922 703 968 720	11515	Adcy9
rect	922 703 968 720	210044	Adcy2
rect	922 703 968 720	224129	Adcy5
rect	922 703 968 720	432530	Adcy1
rect	1035 703 1081 720	18747	Prkaca
rect	1035 703 1081 720	18749	Prkacb
rect	895 659 941 676	14682	Gnaq
rect	969 659 1015 676	18795	Plcb1
rect	969 659 1015 676	18796	Plcb2
rect	969 659 1015 676	18797	Plcb3
rect	969 659 1015 676	18798	Plcb4
rect	1079 571 1125 588	16438	Itpr1
rect	1079 571 1125 588	16439	Itpr2
rect	1079 571 1125 588	16440	Itpr3
rect	1079 659 1125 676	18750	Prkca
rect	1079 659 1125 676	18751	Prkcb
rect	1079 659 1125 676	18752	Prkcg
rect	751 592 797 609	22063	Trpc1
rect	469 365 515 382	100043507	Gm15776
rect	469 365 515 382	100503710	Gm5741
rect	469 365 515 382	102641276	LOC102641276
rect	469 365 515 382	14677	Gnai1
rect	469 365 515 382	14678	Gnai2
rect	469 365 515 382	14679	Gnai3
rect	469 365 515 382	14681	Gnao1
rect	469 365 515 382	14688	Gnb1
rect	469 365 515 382	14693	Gnb2
rect	469 365 515 382	14695	Gnb3
rect	469 365 515 382	14696	Gnb4
rect	469 365 515 382	14697	Gnb5
rect	469 365 515 382	14699	Gngt1
rect	469 365 515 382	14700	Gng10
rect	469 365 515 382	14701	Gng12
rect	469 365 515 382	14702	Gng2
rect	469 365 515 382	14704	Gng3
rect	469 365 515 382	14706	Gng4
rect	469 365 515 382	14707	Gng5
rect	469 365 515 382	14708	Gng7
rect	469 365 515 382	14709	Gng8
rect	469 365 515 382	14710	Gngt2
rect	469 365 515 382	64337	Gng13
rect	469 365 515 382	66066	Gng11
rect	472 521 518 538	18747	Prkaca
rect	472 521 518 538	18749	Prkacb
rect	985 530 1031 547	19055	Ppp3ca
rect	985 530 1031 547	19056	Ppp3cb
rect	985 530 1031 547	19057	Ppp3cc
rect	985 530 1031 547	19058	Ppp3r1
rect	985 530 1031 547	19059	Ppp3r2
rect	141 516 187 533	14660	Gls
rect	141 516 187 533	216456	Gls2
rect	546 76 592 93	14645	Glul
rect	600 758 646 775	20511	Slc1a2
rect	600 758 646 775	242607	Slc1a7
rect	369 385 415 402	110355	Adrbk1
rect	369 385 415 402	320129	Adrbk2
rect	600 503 646 520	12286	Cacna1a
rect	864 756 910 773	14677	Gnai1
rect	864 756 910 773	14678	Gnai2
rect	864 756 910 773	14679	Gnai3
rect	864 756 910 773	14681	Gnao1
rect	600 401 646 418	16519	Kcnj3
rect	600 353 646 370	108073	Grm7
rect	507 312 553 329	14823	Grm8
rect	507 312 553 329	268934	Grm4
rect	518 210 564 227	108069	Grm3
rect	1154 624 1200 641	18783	Pla2g4a
rect	1154 624 1200 641	211429	Pla2g4b
rect	1154 624 1200 641	232889	Pla2g4c
rect	1154 624 1200 641	271844	Pla2g4f
rect	1154 624 1200 641	329502	Pla2g4e
rect	1154 624 1200 641	78390	Pla2g4d
rect	1154 659 1200 676	18805	Pld1
rect	1154 659 1200 676	18806	Pld2
rect	1154 693 1200 710	26413	Mapk1
rect	1154 693 1200 710	26417	Mapk3
rect	955 615 1001 632	26556	Homer1
rect	955 615 1001 632	26557	Homer2
rect	955 615 1001 632	26558	Homer3
rect	980 598 1026 615	26556	Homer1
rect	980 598 1026 615	26557	Homer2
rect	980 598 1026 615	26558	Homer3
rect	819 545 865 562	13385	Dlg4
rect	843 562 889 579	224997	Dlgap1
rect	856 579 902 596	210274	Shank2
rect	856 579 902 596	243961	Shank1
rect	856 579 902 596	58234	Shank3
rect	827 626 873 643	26556	Homer1
rect	827 626 873 643	26557	Homer2
rect	827 626 873 643	26558	Homer3
rect	845 609 891 626	26556	Homer1
rect	845 609 891 626	26557	Homer2
rect	845 609 891 626	26558	Homer3
rect	40 45 262 70	NA	mmu04724
rect	909 406 1001 440	NA	mmu04720
rect	817 85 909 119	NA	mmu00020
rect	1009 406 1101 440	NA	mmu04730
rect	390 610 490 644	NA	mmu04721
rect	1168 532 1272 566	NA	mmu04020
