shape	coords	gid	sym.path.compounds.map
circle	420 477 4	NA	C00165
circle	515 480 4	NA	C01245
circle	422 563 4	NA	C00704
circle	114 708 4	NA	C00031
circle	319 711 4	NA	C00022
circle	319 865 4	NA	C00186
circle	502 713 4	NA	C00024
circle	745 712 4	NA	C00002
circle	746 483 4	NA	C00076
circle	628 788 4	NA	C00007
circle	107 154 4	NA	C00338
circle	635 395 4	NA	C00533
circle	719 394 4	NA	C00007
circle	750 386 4	NA	C14818
circle	783 374 4	NA	C00072
circle	807 356 4	NA	C00026
rect	723 256 769 273	71745	Cul2
rect	723 239 769 256	100043674	Gm9840
rect	723 239 769 256	56438	Rbx1
rect	677 273 723 290	67673	Tceb2
rect	677 256 723 273	102642819	LOC102642819
rect	677 256 723 273	67923	Tceb1
rect	1076 354 1122 371	22339	Vegfa
rect	665 342 711 359	112405	Egln1
rect	665 342 711 359	112406	Egln2
rect	665 342 711 359	112407	Egln3
rect	677 239 723 256	22346	Vhl
rect	924 408 970 425	11863	Arnt
rect	936 476 982 493	12914	Crebbp
rect	936 476 982 493	328572	Ep300
rect	527 370 573 387	15251	Hif1a
rect	1076 606 1122 623	20525	Slc2a1
rect	64 263 110 280	13645	Egf
rect	64 263 110 280	16000	Igf1
rect	64 263 110 280	16333	Ins1
rect	64 263 110 280	16334	Ins2
rect	146 263 192 280	13649	Egfr
rect	146 263 192 280	13866	Erbb2
rect	146 263 192 280	16001	Igf1r
rect	146 263 192 280	16337	Insr
rect	237 301 283 318	18706	Pik3ca
rect	237 301 283 318	18707	Pik3cd
rect	237 301 283 318	18708	Pik3r1
rect	237 301 283 318	18709	Pik3r2
rect	237 301 283 318	18710	Pik3r3
rect	237 301 283 318	30955	Pik3cg
rect	237 301 283 318	320207	Pik3r5
rect	237 301 283 318	74769	Pik3cb
rect	237 344 283 361	11651	Akt1
rect	237 344 283 361	11652	Akt2
rect	237 344 283 361	23797	Akt3
rect	310 344 356 361	56717	Mtor
rect	313 554 359 571	13058	Cybb
rect	313 554 359 571	224480	Nox3
rect	313 554 359 571	237038	Nox1
rect	398 517 444 534	18803	Plcg1
rect	398 517 444 534	234779	Plcg2
rect	398 424 444 441	18750	Prkca
rect	398 424 444 441	18751	Prkcb
rect	398 424 444 441	18752	Prkcg
rect	148 701 194 718	20525	Slc2a1
rect	1076 800 1122 817	16828	Ldha
rect	1076 643 1122 660	228026	Pdk1
rect	330 799 376 816	16828	Ldha
rect	424 686 470 703	18597	Pdha1
rect	424 686 470 703	18598	Pdha2
rect	424 686 470 703	68263	Pdhb
rect	424 644 470 661	228026	Pdk1
rect	788 474 834 491	108058	Camk2d
rect	788 474 834 491	12322	Camk2a
rect	788 474 834 491	12323	Camk2b
rect	788 474 834 491	12325	Camk2g
rect	1076 679 1122 696	15275	Hk1
rect	1076 679 1122 696	15277	Hk2
rect	1076 679 1122 696	212032	Hk3
rect	1076 679 1122 696	216019	Hkdc1
rect	1137 679 1183 696	18641	Pfkl
rect	1076 710 1122 727	100042025	Gapdh-ps15
rect	1076 710 1122 727	14433	Gapdh
rect	1137 710 1183 727	11674	Aldoa
rect	1076 740 1122 757	13806	Eno1
rect	1076 740 1122 757	13807	Eno2
rect	1076 740 1122 757	13808	Eno3
rect	1076 740 1122 757	433182	Eno1b
rect	1137 740 1183 757	18655	Pgk1
rect	1076 769 1122 786	170768	Pfkfb3
rect	1076 285 1122 302	13856	Epo
rect	1076 317 1122 334	22041	Trf
rect	1076 317 1122 334	71775	1300017J02Rik
rect	1137 317 1183 334	22042	Tfrc
rect	1137 354 1183 371	14254	Flt1
rect	1076 380 1122 397	13645	Egf
rect	1137 380 1183 397	18787	Serpine1
rect	1076 406 1122 423	11600	Angpt1
rect	1076 406 1122 423	11601	Angpt2
rect	1076 406 1122 423	11602	Angpt4
rect	1137 406 1183 423	21687	Tek
rect	1076 433 1122 450	21857	Timp1
rect	1076 474 1122 491	13614	Edn1
rect	1137 474 1183 491	18126	Nos2
rect	1076 501 1122 518	18127	Nos3
rect	1137 501 1183 518	15368	Hmox1
rect	1076 529 1122 546	230899	Nppa
rect	1076 186 1122 203	21857	Timp1
rect	1076 212 1122 229	17000	Ltbr
rect	146 147 192 164	21898	Tlr4
rect	420 149 466 166	18033	Nfkb1
rect	420 149 466 166	19697	Rela
rect	64 187 110 204	15978	Ifng
rect	146 187 192 204	15979	Ifngr1
rect	146 187 192 204	15980	Ifngr2
rect	64 116 110 133	16193	Il6
rect	146 116 192 133	16194	Il6ra
rect	420 117 466 134	20848	Stat3
rect	396 306 442 323	13685	Eif4ebp1
rect	468 306 514 323	13684	Eif4e
rect	468 306 514 323	218268	Eif4e1b
rect	468 306 514 323	26987	Eif4e2
rect	397 344 443 361	58988	Rps6kb2
rect	397 344 443 361	72508	Rps6kb1
rect	469 344 515 361	105244208	LOC105244208
rect	469 344 515 361	20104	Rps6
rect	312 245 358 262	26413	Mapk1
rect	312 245 358 262	26417	Mapk3
rect	237 245 283 262	26395	Map2k1
rect	237 245 283 262	26396	Map2k2
rect	396 245 442 262	17346	Mknk1
rect	396 245 442 262	17347	Mknk2
rect	1076 836 1122 853	12043	Bcl2
rect	1076 861 1122 878	12575	Cdkn1a
rect	1076 861 1122 878	12576	Cdkn1b
rect	40 45 268 70	NA	mmu05211
rect	200 381 315 415	NA	mmu04150
rect	786 264 886 298	NA	mmu04120
rect	1228 412 1328 446	NA	mmu04370
rect	200 423 315 457	NA	mmu04151
rect	574 696 689 730	NA	mmu00020
rect	609 493 724 527	NA	mmu04020
rect	287 199 402 233	NA	mmu04010
