shape	coords	gid	sym.path.compounds.map
circle	596 227 4	NA	C00575
circle	722 247 4	NA	C00076
circle	722 278 4	NA	C00698
circle	722 210 4	NA	C01330
circle	400 331 4	NA	C00942
circle	722 357 4	NA	C00076
circle	722 312 4	NA	C01330
circle	488 557 4	NA	C00575
circle	753 632 4	NA	C01330
circle	755 593 4	NA	C00238
circle	401 677 4	NA	C00942
circle	722 698 4	NA	C00076
circle	722 656 4	NA	C01330
circle	722 609 4	NA	C00076
circle	488 609 4	NA	C00020
circle	640 609 4	NA	C00076
circle	401 717 4	NA	C00144
circle	640 698 4	NA	C00076
circle	545 357 4	NA	C00076
rect	377 175 423 192	14680	Gnal
rect	377 175 423 192	14688	Gnb1
rect	377 175 423 192	14708	Gng7
rect	377 175 423 192	64337	Gng13
rect	778 175 824 192	104111	Adcy3
rect	203 175 249 192	100038859	Olfr55
rect	203 175 249 192	100038860	Olfr239
rect	203 175 249 192	100040268	Olfr157
rect	203 175 249 192	100041187	Olfr596
rect	203 175 249 192	100042690	Gm13769
rect	203 175 249 192	100043200	Olfr819
rect	203 175 249 192	100043203	Gm10310
rect	203 175 249 192	100043474	Gm4461
rect	203 175 249 192	100503048	LOC100503048
rect	203 175 249 192	102642662	LOC102642662
rect	203 175 249 192	102642684	LOC102642684
rect	203 175 249 192	110511	Olfr153
rect	203 175 249 192	117004	Olfr73
rect	203 175 249 192	117005	Olfr74
rect	203 175 249 192	170639	Olfr78
rect	203 175 249 192	170648	Olfr138
rect	203 175 249 192	18307	Olfr10
rect	203 175 249 192	18310	Olfr13
rect	203 175 249 192	18312	Olfr15
rect	203 175 249 192	18313	Olfr16
rect	203 175 249 192	18314	Olfr17
rect	203 175 249 192	18315	Olfr18
rect	203 175 249 192	18316	Olfr19
rect	203 175 249 192	18317	Olfr2
rect	203 175 249 192	18322	Olfr24
rect	203 175 249 192	18323	Olfr25
rect	203 175 249 192	18324	Olfr26
rect	203 175 249 192	18328	Olfr3
rect	203 175 249 192	18329	Olfr30
rect	203 175 249 192	18330	Olfr31
rect	203 175 249 192	18331	Olfr32
rect	203 175 249 192	18332	Olfr33
rect	203 175 249 192	18341	Olfr263
rect	203 175 249 192	18343	Olfr44
rect	203 175 249 192	18344	Olfr45
rect	203 175 249 192	18345	Olfr46
rect	203 175 249 192	18346	Olfr47
rect	203 175 249 192	18347	Olfr48
rect	203 175 249 192	18348	Olfr49
rect	203 175 249 192	18349	Olfr5
rect	203 175 249 192	18350	Olfr50
rect	203 175 249 192	18351	Olfr51
rect	203 175 249 192	18352	Olfr52
rect	203 175 249 192	18354	Olfr54
rect	203 175 249 192	18356	Olfr56
rect	203 175 249 192	18357	Olfr57
rect	203 175 249 192	18359	Olfr59
rect	203 175 249 192	18361	Olfr60
rect	203 175 249 192	18362	Olfr61
rect	203 175 249 192	18363	Olfr62
rect	203 175 249 192	18365	Olfr65
rect	203 175 249 192	18366	Olfr64
rect	203 175 249 192	18367	Olfr66
rect	203 175 249 192	18368	Olfr67
rect	203 175 249 192	18369	Olfr68
rect	203 175 249 192	18370	Olfr69
rect	203 175 249 192	18372	Olfr8
rect	203 175 249 192	18373	Olfr9
rect	203 175 249 192	193053	Olfr384
rect	203 175 249 192	194433	Olfr707
rect	203 175 249 192	211472	Olfr1373
rect	203 175 249 192	216783	Olfr320
rect	203 175 249 192	218066	Olfr11
rect	203 175 249 192	219019	Olfr743
rect	203 175 249 192	227789	Olfr358
rect	203 175 249 192	228228	Olfr1102
rect	203 175 249 192	228443	Olfr1283
rect	203 175 249 192	233578	Olfr553
rect	203 175 249 192	233670	Olfr6
rect	203 175 249 192	235248	Olfr952
rect	203 175 249 192	235256	Olfr149
rect	203 175 249 192	236509	Olfr366
rect	203 175 249 192	236784	Olfr1320
rect	203 175 249 192	236785	Olfr1321
rect	203 175 249 192	244187	Olfr684
rect	203 175 249 192	257662	Olfr1290
rect	203 175 249 192	257665	Olfr1506
rect	203 175 249 192	257666	Olfr772
rect	203 175 249 192	257667	Olfr769
rect	203 175 249 192	257734	Olfr1355
rect	203 175 249 192	257872	Olfr835
rect	203 175 249 192	257881	Olfr205
rect	203 175 249 192	257882	Olfr1344
rect	203 175 249 192	257883	Olfr1357
rect	203 175 249 192	257884	Olfr744
rect	203 175 249 192	257886	Olfr225
rect	203 175 249 192	257887	Olfr1200
rect	203 175 249 192	257888	Olfr1386
rect	203 175 249 192	257889	Olfr132
rect	203 175 249 192	257890	Olfr12
rect	203 175 249 192	257891	Olfr479
rect	203 175 249 192	257892	Olfr324
rect	203 175 249 192	257898	Olfr867
rect	203 175 249 192	257900	Olfr1024
rect	203 175 249 192	257902	Olfr704
rect	203 175 249 192	257904	Olfr294
rect	203 175 249 192	257905	Olfr298
rect	203 175 249 192	257909	Olfr735
rect	203 175 249 192	257910	Olfr671
rect	203 175 249 192	257912	Olfr948
rect	203 175 249 192	257913	Olfr141
rect	203 175 249 192	257915	Olfr1016
rect	203 175 249 192	257916	Olfr1031
rect	203 175 249 192	257917	Olfr314
rect	203 175 249 192	257919	Olfr467
rect	203 175 249 192	257921	Olfr1229
rect	203 175 249 192	257926	Olfr544
rect	203 175 249 192	257929	Olfr299
rect	203 175 249 192	257932	Olfr332
rect	203 175 249 192	257933	Olfr1089
rect	203 175 249 192	257936	Olfr1028
rect	203 175 249 192	257938	Olfr1419
rect	203 175 249 192	257939	Olfr527
rect	203 175 249 192	257941	Olfr1042
rect	203 175 249 192	257947	Olfr543
rect	203 175 249 192	257950	Olfr1039
rect	203 175 249 192	257951	Olfr987
rect	203 175 249 192	257956	Olfr1307
rect	203 175 249 192	257958	Olfr301
rect	203 175 249 192	257959	Olfr1537
rect	203 175 249 192	257961	Olfr1432
rect	203 175 249 192	257962	Olfr222
rect	203 175 249 192	257963	Olfr857
rect	203 175 249 192	257972	Olfr193
rect	203 175 249 192	257974	Olfr1053
rect	203 175 249 192	257975	Olfr598
rect	203 175 249 192	257978	Olfr1322
rect	203 175 249 192	257979	Olfr1281
rect	203 175 249 192	257985	Olfr782
rect	203 175 249 192	258016	Olfr453
rect	203 175 249 192	258019	Olfr212
rect	203 175 249 192	258020	Olfr213
rect	203 175 249 192	258022	Olfr1318
rect	203 175 249 192	258023	Olfr1306
rect	203 175 249 192	258025	Olfr1211
rect	203 175 249 192	258027	Olfr1385
rect	203 175 249 192	258028	Olfr901
rect	203 175 249 192	258036	Olfr198
rect	203 175 249 192	258039	Olfr728
rect	203 175 249 192	258055	Olfr524
rect	203 175 249 192	258056	Olfr533
rect	203 175 249 192	258065	Olfr312
rect	203 175 249 192	258067	Olfr1359
rect	203 175 249 192	258069	Olfr787
rect	203 175 249 192	258074	Olfr834
rect	203 175 249 192	258086	Olfr967
rect	203 175 249 192	258087	Olfr963
rect	203 175 249 192	258089	Olfr304
rect	203 175 249 192	258097	Olfr1500
rect	203 175 249 192	258098	Olfr1490
rect	203 175 249 192	258103	Olfr1152
rect	203 175 249 192	258105	Olfr1162
rect	203 175 249 192	258111	Olfr1129
rect	203 175 249 192	258113	Olfr748
rect	203 175 249 192	258117	Olfr1437
rect	203 175 249 192	258120	Olfr1463
rect	203 175 249 192	258134	Olfr426
rect	203 175 249 192	258135	Olfr597
rect	203 175 249 192	258136	Olfr517
rect	203 175 249 192	258139	Olfr591
rect	203 175 249 192	258147	Olfr675
rect	203 175 249 192	258148	Olfr789
rect	203 175 249 192	258151	Olfr1505
rect	203 175 249 192	258153	Olfr412
rect	203 175 249 192	258154	Olfr1029
rect	203 175 249 192	258155	Olfr1425
rect	203 175 249 192	258156	Olfr605
rect	203 175 249 192	258158	Olfr169
rect	203 175 249 192	258160	Olfr685
rect	203 175 249 192	258168	Olfr566
rect	203 175 249 192	258173	Olfr1532-ps1
rect	203 175 249 192	258177	Olfr1222
rect	203 175 249 192	258178	Olfr180
rect	203 175 249 192	258189	Olfr624
rect	203 175 249 192	258196	Olfr309
rect	203 175 249 192	258198	Olfr224
rect	203 175 249 192	258201	Olfr538
rect	203 175 249 192	258203	Olfr1178
rect	203 175 249 192	258206	Olfr1264
rect	203 175 249 192	258207	Olfr452
rect	203 175 249 192	258216	Olfr1034
rect	203 175 249 192	258218	Olfr102
rect	203 175 249 192	258222	Olfr310
rect	203 175 249 192	258224	Olfr1358
rect	203 175 249 192	258227	Olfr1418
rect	203 175 249 192	258228	Olfr1415
rect	203 175 249 192	258231	Olfr1471
rect	203 175 249 192	258232	Olfr774
rect	203 175 249 192	258233	Olfr741
rect	203 175 249 192	258235	Olfr1084
rect	203 175 249 192	258238	Olfr417
rect	203 175 249 192	258241	Olfr1212
rect	203 175 249 192	258242	Olfr955
rect	203 175 249 192	258245	Olfr1036
rect	203 175 249 192	258246	Olfr594
rect	203 175 249 192	258247	Olfr645
rect	203 175 249 192	258248	Olfr576
rect	203 175 249 192	258249	Olfr845
rect	203 175 249 192	258252	Olfr813
rect	203 175 249 192	258255	Olfr1010
rect	203 175 249 192	258257	Olfr1313
rect	203 175 249 192	258258	Olfr1308
rect	203 175 249 192	258259	Olfr1338
rect	203 175 249 192	258261	Olfr325
rect	203 175 249 192	258263	Olfr117
rect	203 175 249 192	258264	Olfr747
rect	203 175 249 192	258265	Olfr1333
rect	203 175 249 192	258266	Olfr247
rect	203 175 249 192	258267	Olfr370
rect	203 175 249 192	258268	Olfr1511
rect	203 175 249 192	258269	Olfr930
rect	203 175 249 192	258270	Olfr448
rect	203 175 249 192	258271	Olfr1311
rect	203 175 249 192	258272	Olfr1402
rect	203 175 249 192	258273	Olfr1394
rect	203 175 249 192	258274	Olfr1412
rect	203 175 249 192	258275	Olfr729
rect	203 175 249 192	258276	Olfr960
rect	203 175 249 192	258277	Olfr281
rect	203 175 249 192	258278	Olfr284
rect	203 175 249 192	258279	Olfr846
rect	203 175 249 192	258280	Olfr1366
rect	203 175 249 192	258281	Olfr780
rect	203 175 249 192	258282	Olfr801
rect	203 175 249 192	258283	Olfr981
rect	203 175 249 192	258284	Olfr114
rect	203 175 249 192	258285	Olfr122
rect	203 175 249 192	258286	Olfr113
rect	203 175 249 192	258287	Olfr125
rect	203 175 249 192	258288	Olfr1484
rect	203 175 249 192	258289	Olfr1324
rect	203 175 249 192	258290	Olfr1143
rect	203 175 249 192	258291	Olfr1167
rect	203 175 249 192	258292	Olfr446
rect	203 175 249 192	258293	Olfr437
rect	203 175 249 192	258294	Olfr1115
rect	203 175 249 192	258295	Olfr746
rect	203 175 249 192	258296	Olfr745
rect	203 175 249 192	258297	Olfr827
rect	203 175 249 192	258298	Olfr1475
rect	203 175 249 192	258300	Olfr1449
rect	203 175 249 192	258301	Olfr1340
rect	203 175 249 192	258302	Olfr420
rect	203 175 249 192	258303	Olfr518
rect	203 175 249 192	258304	Olfr498
rect	203 175 249 192	258305	Olfr1356
rect	203 175 249 192	258306	Olfr1337
rect	203 175 249 192	258307	Olfr493
rect	203 175 249 192	258308	Olfr510
rect	203 175 249 192	258309	Olfr657
rect	203 175 249 192	258310	Olfr145
rect	203 175 249 192	258311	Olfr601
rect	203 175 249 192	258313	Olfr726
rect	203 175 249 192	258314	Olfr725
rect	203 175 249 192	258315	Olfr767
rect	203 175 249 192	258316	Olfr727
rect	203 175 249 192	258317	Olfr1145
rect	203 175 249 192	258318	Olfr186
rect	203 175 249 192	258319	Olfr187
rect	203 175 249 192	258320	Olfr1232
rect	203 175 249 192	258321	Olfr809
rect	203 175 249 192	258322	Olfr554
rect	203 175 249 192	258323	Olfr943
rect	203 175 249 192	258324	Olfr129
rect	203 175 249 192	258325	Olfr110
rect	203 175 249 192	258326	Olfr642
rect	203 175 249 192	258327	Olfr958
rect	203 175 249 192	258328	Olfr954
rect	203 175 249 192	258329	Olfr135
rect	203 175 249 192	258330	Olfr1274-ps
rect	203 175 249 192	258331	Olfr1330
rect	203 175 249 192	258333	Olfr893
rect	203 175 249 192	258334	Olfr1396
rect	203 175 249 192	258335	Olfr374
rect	203 175 249 192	258336	Olfr77
rect	203 175 249 192	258338	Olfr1259
rect	203 175 249 192	258339	Olfr1269
rect	203 175 249 192	258340	Olfr1265
rect	203 175 249 192	258341	Olfr1495
rect	203 175 249 192	258342	Olfr1491
rect	203 175 249 192	258343	Olfr397
rect	203 175 249 192	258344	Olfr390
rect	203 175 249 192	258345	Olfr1121
rect	203 175 249 192	258346	Olfr1128
rect	203 175 249 192	258347	Olfr1123
rect	203 175 249 192	258348	Olfr1133
rect	203 175 249 192	258350	Olfr706
rect	203 175 249 192	258351	Olfr633
rect	203 175 249 192	258352	Olfr692
rect	203 175 249 192	258353	Olfr521
rect	203 175 249 192	258354	Olfr168
rect	203 175 249 192	258355	Olfr677
rect	203 175 249 192	258356	Olfr564
rect	203 175 249 192	258357	Olfr574
rect	203 175 249 192	258358	Olfr557
rect	203 175 249 192	258359	Olfr1312
rect	203 175 249 192	258360	Olfr731
rect	203 175 249 192	258361	Olfr495
rect	203 175 249 192	258362	Olfr1094
rect	203 175 249 192	258363	Olfr1093
rect	203 175 249 192	258364	Olfr976
rect	203 175 249 192	258365	Olfr361
rect	203 175 249 192	258366	Olfr434
rect	203 175 249 192	258368	Olfr1450
rect	203 175 249 192	258369	Olfr509
rect	203 175 249 192	258371	Olfr368
rect	203 175 249 192	258372	Olfr918
rect	203 175 249 192	258373	Olfr323
rect	203 175 249 192	258374	Olfr127
rect	203 175 249 192	258375	Olfr794
rect	203 175 249 192	258377	Olfr654
rect	203 175 249 192	258378	Olfr593
rect	203 175 249 192	258379	Olfr1284
rect	203 175 249 192	258380	Olfr461
rect	203 175 249 192	258381	Olfr460
rect	203 175 249 192	258382	Olfr208
rect	203 175 249 192	258383	Olfr1347
rect	203 175 249 192	258384	Olfr1350
rect	203 175 249 192	258385	Olfr1323
rect	203 175 249 192	258386	Olfr1058
rect	203 175 249 192	258387	Olfr720
rect	203 175 249 192	258388	Olfr1279
rect	203 175 249 192	258389	Olfr1278
rect	203 175 249 192	258390	Olfr1276
rect	203 175 249 192	258391	Olfr1277
rect	203 175 249 192	258392	Olfr190
rect	203 175 249 192	258393	Olfr1325
rect	203 175 249 192	258394	Olfr1328
rect	203 175 249 192	258395	Olfr1288
rect	203 175 249 192	258396	Olfr1305
rect	203 175 249 192	258397	Olfr1303
rect	203 175 249 192	258398	Olfr1295
rect	203 175 249 192	258399	Olfr1289
rect	203 175 249 192	258401	Olfr1076
rect	203 175 249 192	258402	Olfr1079
rect	203 175 249 192	258403	Olfr1065
rect	203 175 249 192	258404	Olfr1080
rect	203 175 249 192	258405	Olfr1420
rect	203 175 249 192	258406	Olfr462
rect	203 175 249 192	258407	Olfr464
rect	203 175 249 192	258408	Olfr463
rect	203 175 249 192	258409	Olfr1431
rect	203 175 249 192	258410	Olfr291
rect	203 175 249 192	258411	Olfr290
rect	203 175 249 192	258412	Olfr877
rect	203 175 249 192	258413	Olfr881
rect	203 175 249 192	258414	Olfr883
rect	203 175 249 192	258415	Olfr887
rect	203 175 249 192	258416	Olfr888
rect	203 175 249 192	258417	Olfr470
rect	203 175 249 192	258418	Olfr469
rect	203 175 249 192	258420	Olfr221
rect	203 175 249 192	258421	Olfr223
rect	203 175 249 192	258422	Olfr742
rect	203 175 249 192	258423	Olfr1510
rect	203 175 249 192	258424	Olfr1512
rect	203 175 249 192	258425	Olfr994
rect	203 175 249 192	258426	Olfr995
rect	203 175 249 192	258427	Olfr993
rect	203 175 249 192	258428	Olfr998
rect	203 175 249 192	258429	Olfr996
rect	203 175 249 192	258430	Olfr938
rect	203 175 249 192	258431	Olfr937
rect	203 175 249 192	258432	Olfr919
rect	203 175 249 192	258433	Olfr933
rect	203 175 249 192	258434	Olfr934
rect	203 175 249 192	258435	Olfr382
rect	203 175 249 192	258436	Olfr458
rect	203 175 249 192	258437	Olfr450
rect	203 175 249 192	258438	Olfr215
rect	203 175 249 192	258439	Olfr1309
rect	203 175 249 192	258440	Olfr1317
rect	203 175 249 192	258441	Olfr1310
rect	203 175 249 192	258442	Olfr1314
rect	203 175 249 192	258443	Olfr164
rect	203 175 249 192	258444	Olfr694
rect	203 175 249 192	258445	Olfr693
rect	203 175 249 192	258446	Olfr1231
rect	203 175 249 192	258447	Olfr1241
rect	203 175 249 192	258448	Olfr92
rect	203 175 249 192	258449	Olfr282
rect	203 175 249 192	258450	Olfr1199
rect	203 175 249 192	258451	Olfr1215
rect	203 175 249 192	258453	Olfr1209
rect	203 175 249 192	258454	Olfr1202
rect	203 175 249 192	258455	Olfr1204
rect	203 175 249 192	258456	Olfr1196
rect	203 175 249 192	258457	Olfr108
rect	203 175 249 192	258458	Olfr165
rect	203 175 249 192	258459	Olfr1388
rect	203 175 249 192	258460	Olfr1391
rect	203 175 249 192	258461	Olfr1381
rect	203 175 249 192	258462	Olfr1392
rect	203 175 249 192	258463	Olfr1393
rect	203 175 249 192	258464	Olfr1384
rect	203 175 249 192	258465	Olfr1387
rect	203 175 249 192	258466	Olfr1261
rect	203 175 249 192	258468	Olfr1254
rect	203 175 249 192	258469	Olfr90
rect	203 175 249 192	258470	Olfr91
rect	203 175 249 192	258471	Olfr891
rect	203 175 249 192	258472	Olfr899
rect	203 175 249 192	258474	Olfr890
rect	203 175 249 192	258475	Olfr889
rect	203 175 249 192	258477	Olfr197
rect	203 175 249 192	258478	Olfr183
rect	203 175 249 192	258479	Olfr203
rect	203 175 249 192	258480	Olfr130
rect	203 175 249 192	258481	Olfr137
rect	203 175 249 192	258482	Olfr266
rect	203 175 249 192	258483	Olfr1411
rect	203 175 249 192	258484	Olfr1410
rect	203 175 249 192	258485	Olfr724
rect	203 175 249 192	258486	Olfr730
rect	203 175 249 192	258487	Olfr722
rect	203 175 249 192	258488	Olfr474
rect	203 175 249 192	258489	Olfr486
rect	203 175 249 192	258490	Olfr492
rect	203 175 249 192	258491	Olfr490
rect	203 175 249 192	258492	Olfr484
rect	203 175 249 192	258493	Olfr319
rect	203 175 249 192	258494	Olfr318
rect	203 175 249 192	258495	Olfr328
rect	203 175 249 192	258497	Olfr961
rect	203 175 249 192	258498	Olfr148
rect	203 175 249 192	258499	Olfr945
rect	203 175 249 192	258500	Olfr944
rect	203 175 249 192	258501	Olfr959
rect	203 175 249 192	258502	Olfr279
rect	203 175 249 192	258503	Olfr98
rect	203 175 249 192	258504	Olfr107
rect	203 175 249 192	258505	Olfr97
rect	203 175 249 192	258506	Olfr95
rect	203 175 249 192	258507	Olfr96
rect	203 175 249 192	258508	Olfr99
rect	203 175 249 192	258511	Olfr523
rect	203 175 249 192	258512	Olfr530
rect	203 175 249 192	258513	Olfr536
rect	203 175 249 192	258515	Olfr854
rect	203 175 249 192	258516	Olfr850
rect	203 175 249 192	258517	Olfr855
rect	203 175 249 192	258518	Olfr847
rect	203 175 249 192	258519	Olfr859
rect	203 175 249 192	258520	Olfr849
rect	203 175 249 192	258521	Olfr860
rect	203 175 249 192	258522	Olfr1183
rect	203 175 249 192	258523	Olfr1186
rect	203 175 249 192	258524	Olfr1168
rect	203 175 249 192	258525	Olfr1170
rect	203 175 249 192	258526	Olfr1367
rect	203 175 249 192	258527	Olfr1368
rect	203 175 249 192	258528	Olfr1370
rect	203 175 249 192	258529	Olfr313
rect	203 175 249 192	258530	Olfr311
rect	203 175 249 192	258531	Olfr315
rect	203 175 249 192	258532	Olfr373
rect	203 175 249 192	258533	Olfr1364
rect	203 175 249 192	258534	Olfr1361
rect	203 175 249 192	258536	Olfr1360
rect	203 175 249 192	258537	Olfr777
rect	203 175 249 192	258538	Olfr775
rect	203 175 249 192	258540	Olfr771
rect	203 175 249 192	258541	Olfr800
rect	203 175 249 192	258542	Olfr786
rect	203 175 249 192	258543	Olfr810
rect	203 175 249 192	258544	Olfr788
rect	203 175 249 192	258545	Olfr811
rect	203 175 249 192	258546	Olfr806
rect	203 175 249 192	258547	Olfr803
rect	203 175 249 192	258548	Olfr805
rect	203 175 249 192	258549	Olfr798
rect	203 175 249 192	258551	Olfr866
rect	203 175 249 192	258552	Olfr868
rect	203 175 249 192	258553	Olfr872
rect	203 175 249 192	258554	Olfr873
rect	203 175 249 192	258555	Olfr862
rect	203 175 249 192	258557	Olfr836
rect	203 175 249 192	258558	Olfr837
rect	203 175 249 192	258559	Olfr830
rect	203 175 249 192	258560	Olfr843
rect	203 175 249 192	258561	Olfr1012
rect	203 175 249 192	258562	Olfr1014
rect	203 175 249 192	258563	Olfr1006
rect	203 175 249 192	258564	Olfr1015
rect	203 175 249 192	258565	Olfr1009
rect	203 175 249 192	258566	Olfr1002
rect	203 175 249 192	258568	Olfr1457
rect	203 175 249 192	258569	Olfr459
rect	203 175 249 192	258570	Olfr1043
rect	203 175 249 192	258571	Olfr1033
rect	203 175 249 192	258572	Olfr1032
rect	203 175 249 192	258573	Olfr1020
rect	203 175 249 192	258575	Olfr1046
rect	203 175 249 192	258577	Olfr1026
rect	203 175 249 192	258579	Olfr1018
rect	203 175 249 192	258580	Olfr1023
rect	203 175 249 192	258581	Olfr1030
rect	203 175 249 192	258582	Olfr1022
rect	203 175 249 192	258583	Olfr1085
rect	203 175 249 192	258584	Olfr1101
rect	203 175 249 192	258585	Olfr1086
rect	203 175 249 192	258586	Olfr1111
rect	203 175 249 192	258587	Olfr1100
rect	203 175 249 192	258589	Olfr703
rect	203 175 249 192	258590	Olfr702
rect	203 175 249 192	258591	Olfr695
rect	203 175 249 192	258592	Olfr697
rect	203 175 249 192	258593	Olfr700
rect	203 175 249 192	258594	Olfr710
rect	203 175 249 192	258595	Olfr698
rect	203 175 249 192	258597	Olfr716
rect	203 175 249 192	258598	Olfr828
rect	203 175 249 192	258600	Olfr270
rect	203 175 249 192	258601	Olfr984
rect	203 175 249 192	258602	Olfr150
rect	203 175 249 192	258603	Olfr972
rect	203 175 249 192	258604	Olfr970
rect	203 175 249 192	258605	Olfr968
rect	203 175 249 192	258606	Olfr229
rect	203 175 249 192	258607	Olfr971
rect	203 175 249 192	258608	Olfr986
rect	203 175 249 192	258609	Olfr305
rect	203 175 249 192	258610	Olfr307
rect	203 175 249 192	258611	Olfr297
rect	203 175 249 192	258612	Olfr303
rect	203 175 249 192	258613	Olfr292
rect	203 175 249 192	258614	Olfr308
rect	203 175 249 192	258615	Olfr360
rect	203 175 249 192	258616	Olfr357
rect	203 175 249 192	258617	Olfr356
rect	203 175 249 192	258618	Olfr355
rect	203 175 249 192	258620	Olfr350
rect	203 175 249 192	258621	Olfr344
rect	203 175 249 192	258622	Olfr121
rect	203 175 249 192	258623	Olfr123
rect	203 175 249 192	258624	Olfr120
rect	203 175 249 192	258625	Olfr116
rect	203 175 249 192	258626	Olfr1501
rect	203 175 249 192	258627	Olfr1504
rect	203 175 249 192	258628	Olfr1489
rect	203 175 249 192	258629	Olfr1487
rect	203 175 249 192	258630	Olfr1141
rect	203 175 249 192	258631	Olfr1151
rect	203 175 249 192	258632	Olfr1138
rect	203 175 249 192	258633	Olfr1153
rect	203 175 249 192	258634	Olfr1164
rect	203 175 249 192	258635	Olfr1140
rect	203 175 249 192	258636	Olfr1155
rect	203 175 249 192	258638	Olfr1163
rect	203 175 249 192	258639	Olfr1158
rect	203 175 249 192	258640	Olfr152
rect	203 175 249 192	258641	Olfr1154
rect	203 175 249 192	258643	Olfr1160
rect	203 175 249 192	258644	Olfr1166
rect	203 175 249 192	258645	Olfr418
rect	203 175 249 192	258647	Olfr435
rect	203 175 249 192	258648	Olfr237-ps1
rect	203 175 249 192	258649	Olfr441
rect	203 175 249 192	258650	Olfr444
rect	203 175 249 192	258652	Olfr1131
rect	203 175 249 192	258653	Olfr1136
rect	203 175 249 192	258654	Olfr1135
rect	203 175 249 192	258655	Olfr1112
rect	203 175 249 192	258656	Olfr365
rect	203 175 249 192	258657	Olfr733
rect	203 175 249 192	258658	Olfr734
rect	203 175 249 192	258659	Olfr732
rect	203 175 249 192	258660	Olfr736
rect	203 175 249 192	258661	Olfr740
rect	203 175 249 192	258662	Olfr738
rect	203 175 249 192	258663	Olfr739
rect	203 175 249 192	258665	Olfr815
rect	203 175 249 192	258666	Olfr822
rect	203 175 249 192	258667	Olfr816
rect	203 175 249 192	258668	Olfr823
rect	203 175 249 192	258669	Olfr824
rect	203 175 249 192	258670	Olfr820
rect	203 175 249 192	258671	Olfr826
rect	203 175 249 192	258672	Olfr825
rect	203 175 249 192	258673	Olfr1428
rect	203 175 249 192	258674	Olfr1427
rect	203 175 249 192	258675	Olfr1423
rect	203 175 249 192	258676	Olfr1424
rect	203 175 249 192	258677	Olfr76
rect	203 175 249 192	258678	Olfr1441
rect	203 175 249 192	258679	Olfr1440
rect	203 175 249 192	258680	Olfr1434
rect	203 175 249 192	258682	Olfr1436
rect	203 175 249 192	258683	Olfr262
rect	203 175 249 192	258684	Olfr1459
rect	203 175 249 192	258685	Olfr1472
rect	203 175 249 192	258686	Olfr1467
rect	203 175 249 192	258687	Olfr1454
rect	203 175 249 192	258688	Olfr1462
rect	203 175 249 192	258689	Olfr1466
rect	203 175 249 192	258690	Olfr1469
rect	203 175 249 192	258691	Olfr1477
rect	203 175 249 192	258692	Olfr1442
rect	203 175 249 192	258693	Olfr1443
rect	203 175 249 192	258694	Olfr1445
rect	203 175 249 192	258695	Olfr1453
rect	203 175 249 192	258696	Olfr1448
rect	203 175 249 192	258697	Olfr1444
rect	203 175 249 192	258698	Olfr1447
rect	203 175 249 192	258699	Olfr1446
rect	203 175 249 192	258700	Olfr1451
rect	203 175 249 192	258701	Olfr401
rect	203 175 249 192	258702	Olfr410
rect	203 175 249 192	258703	Olfr402
rect	203 175 249 192	258704	Olfr411
rect	203 175 249 192	258705	Olfr398
rect	203 175 249 192	258706	Olfr43
rect	203 175 249 192	258708	Olfr1342
rect	203 175 249 192	258709	Olfr248
rect	203 175 249 192	258710	Olfr419
rect	203 175 249 192	258711	Olfr432
rect	203 175 249 192	258712	Olfr433
rect	203 175 249 192	258713	Olfr430
rect	203 175 249 192	258715	Olfr421-ps1
rect	203 175 249 192	258716	Olfr424
rect	203 175 249 192	258717	Olfr429
rect	203 175 249 192	258718	Olfr513
rect	203 175 249 192	258719	Olfr512
rect	203 175 249 192	258720	Olfr516
rect	203 175 249 192	258721	Olfr514
rect	203 175 249 192	258722	Olfr611
rect	203 175 249 192	258723	Olfr781
rect	203 175 249 192	258724	Olfr784
rect	203 175 249 192	258725	Olfr1095
rect	203 175 249 192	258726	Olfr599
rect	203 175 249 192	258727	Olfr488
rect	203 175 249 192	258728	Olfr482
rect	203 175 249 192	258729	Olfr478
rect	203 175 249 192	258730	Olfr483
rect	203 175 249 192	258731	Olfr491
rect	203 175 249 192	258732	Olfr494
rect	203 175 249 192	258733	Olfr497
rect	203 175 249 192	258734	Olfr502
rect	203 175 249 192	258736	Olfr1497
rect	203 175 249 192	258737	Olfr1316
rect	203 175 249 192	258738	Olfr507
rect	203 175 249 192	258739	Olfr1362
rect	203 175 249 192	258740	Olfr957
rect	203 175 249 192	258741	Olfr935
rect	203 175 249 192	258742	Olfr146
rect	203 175 249 192	258743	Olfr661
rect	203 175 249 192	258744	Olfr875
rect	203 175 249 192	258745	Olfr689
rect	203 175 249 192	258746	Olfr648
rect	203 175 249 192	258747	Olfr1106
rect	203 175 249 192	258748	Olfr1195
rect	203 175 249 192	258749	Olfr556
rect	203 175 249 192	258750	Olfr551
rect	203 175 249 192	258751	Olfr608
rect	203 175 249 192	258752	Olfr583
rect	203 175 249 192	258753	Olfr678
rect	203 175 249 192	258754	Olfr214
rect	203 175 249 192	258755	Olfr672
rect	203 175 249 192	258756	Olfr414
rect	203 175 249 192	258757	Olfr1013
rect	203 175 249 192	258758	Olfr1406
rect	203 175 249 192	258759	Olfr1408
rect	203 175 249 192	258762	Olfr1109
rect	203 175 249 192	258763	Olfr1104
rect	203 175 249 192	258764	Olfr1099
rect	203 175 249 192	258765	Olfr1110
rect	203 175 249 192	258766	Olfr259
rect	203 175 249 192	258767	Olfr1176
rect	203 175 249 192	258768	Olfr1189
rect	203 175 249 192	258769	Olfr508
rect	203 175 249 192	258770	Olfr472
rect	203 175 249 192	258771	Olfr473
rect	203 175 249 192	258772	Olfr821
rect	203 175 249 192	258773	Olfr818
rect	203 175 249 192	258774	Olfr1208
rect	203 175 249 192	258775	Olfr196
rect	203 175 249 192	258776	Olfr715
rect	203 175 249 192	258777	Olfr922
rect	203 175 249 192	258778	Olfr921
rect	203 175 249 192	258780	Olfr916
rect	203 175 249 192	258781	Olfr915
rect	203 175 249 192	258782	Olfr914
rect	203 175 249 192	258783	Olfr920
rect	203 175 249 192	258784	Olfr1245
rect	203 175 249 192	258785	Olfr1230
rect	203 175 249 192	258786	Olfr1238
rect	203 175 249 192	258787	Olfr1248
rect	203 175 249 192	258788	Olfr1246
rect	203 175 249 192	258789	Olfr1271
rect	203 175 249 192	258790	Olfr1263
rect	203 175 249 192	258791	Olfr812
rect	203 175 249 192	258792	Olfr1499
rect	203 175 249 192	258793	Olfr1502
rect	203 175 249 192	258794	Olfr878
rect	203 175 249 192	258797	Olfr904
rect	203 175 249 192	258798	Olfr902
rect	203 175 249 192	258799	Olfr906
rect	203 175 249 192	258800	Olfr905
rect	203 175 249 192	258801	Olfr907
rect	203 175 249 192	258802	Olfr143
rect	203 175 249 192	258803	Olfr136
rect	203 175 249 192	258804	Olfr1240
rect	203 175 249 192	258805	Olfr1426
rect	203 175 249 192	258806	Olfr912
rect	203 175 249 192	258807	Olfr910
rect	203 175 249 192	258808	Olfr620
rect	203 175 249 192	258809	Olfr651
rect	203 175 249 192	258810	Olfr665
rect	203 175 249 192	258811	Olfr926
rect	203 175 249 192	258812	Olfr923
rect	203 175 249 192	258814	Olfr1156
rect	203 175 249 192	258815	Olfr1218
rect	203 175 249 192	258816	Olfr466
rect	203 175 249 192	258817	Olfr655
rect	203 175 249 192	258818	Olfr629
rect	203 175 249 192	258819	Olfr640
rect	203 175 249 192	258820	Olfr1184
rect	203 175 249 192	258821	Olfr273
rect	203 175 249 192	258822	Olfr39
rect	203 175 249 192	258823	Olfr969
rect	203 175 249 192	258824	Olfr983
rect	203 175 249 192	258825	Olfr975
rect	203 175 249 192	258826	Olfr27
rect	203 175 249 192	258828	Olfr133
rect	203 175 249 192	258829	Olfr134
rect	203 175 249 192	258830	Olfr103
rect	203 175 249 192	258831	Olfr101
rect	203 175 249 192	258832	Olfr109
rect	203 175 249 192	258833	Olfr1132
rect	203 175 249 192	258834	Olfr1126
rect	203 175 249 192	258835	Olfr1130
rect	203 175 249 192	258836	Olfr272
rect	203 175 249 192	258837	Olfr545
rect	203 175 249 192	258838	Olfr617
rect	203 175 249 192	258840	Olfr1097
rect	203 175 249 192	258841	Olfr1107
rect	203 175 249 192	258842	Olfr1098
rect	203 175 249 192	258843	Olfr1087
rect	203 175 249 192	258844	Olfr1090
rect	203 175 249 192	258845	Olfr1161
rect	203 175 249 192	258846	Olfr1157
rect	203 175 249 192	258850	Olfr295
rect	203 175 249 192	258851	Olfr1339
rect	203 175 249 192	258852	Olfr1341
rect	203 175 249 192	258853	Olfr982
rect	203 175 249 192	258854	Olfr985
rect	203 175 249 192	258857	Olfr275
rect	203 175 249 192	258858	Olfr371
rect	203 175 249 192	258859	Olfr161
rect	203 175 249 192	258861	Olfr763
rect	203 175 249 192	258862	Olfr770
rect	203 175 249 192	258863	Olfr768
rect	203 175 249 192	258865	Olfr992
rect	203 175 249 192	258866	Olfr1008
rect	203 175 249 192	258867	Olfr131
rect	203 175 249 192	258868	Olfr894
rect	203 175 249 192	258869	Olfr147
rect	203 175 249 192	258871	Olfr898
rect	203 175 249 192	258872	Olfr908
rect	203 175 249 192	258873	Olfr911-ps1
rect	203 175 249 192	258874	Olfr900
rect	203 175 249 192	258875	Olfr895
rect	203 175 249 192	258877	Olfr1395
rect	203 175 249 192	258879	Olfr330
rect	203 175 249 192	258880	Olfr218
rect	203 175 249 192	258881	Olfr1404
rect	203 175 249 192	258882	Olfr874
rect	203 175 249 192	258883	Olfr876
rect	203 175 249 192	258886	Olfr1299
rect	203 175 249 192	258887	Olfr1294
rect	203 175 249 192	258888	Olfr1298
rect	203 175 249 192	258889	Olfr1301
rect	203 175 249 192	258890	Olfr1297
rect	203 175 249 192	258891	Olfr1302
rect	203 175 249 192	258892	Olfr126
rect	203 175 249 192	258893	Olfr1225
rect	203 175 249 192	258894	Olfr1223
rect	203 175 249 192	258895	Olfr1216
rect	203 175 249 192	258896	Olfr1206
rect	203 175 249 192	258897	Olfr1201
rect	203 175 249 192	258898	Olfr1205
rect	203 175 249 192	258899	Olfr1214
rect	203 175 249 192	258900	Olfr1213
rect	203 175 249 192	258901	Olfr1219
rect	203 175 249 192	258902	Olfr1220
rect	203 175 249 192	258903	Olfr1217
rect	203 175 249 192	258904	Olfr1221
rect	203 175 249 192	258905	Olfr871
rect	203 175 249 192	258907	Olfr851
rect	203 175 249 192	258908	Olfr853
rect	203 175 249 192	258910	Olfr1280
rect	203 175 249 192	258912	Olfr1378
rect	203 175 249 192	258913	Olfr1377
rect	203 175 249 192	258914	Olfr211
rect	203 175 249 192	258915	Olfr1348
rect	203 175 249 192	258917	Olfr1336
rect	203 175 249 192	258918	Olfr1346
rect	203 175 249 192	258919	Olfr1179
rect	203 175 249 192	258920	Olfr1180
rect	203 175 249 192	258921	Olfr1188
rect	203 175 249 192	258922	Olfr267
rect	203 175 249 192	258923	Olfr1
rect	203 175 249 192	258924	Olfr376
rect	203 175 249 192	258925	Olfr20
rect	203 175 249 192	258927	Olfr481
rect	203 175 249 192	258928	Olfr477
rect	203 175 249 192	258929	Olfr799
rect	203 175 249 192	258930	Olfr808
rect	203 175 249 192	258931	Olfr807
rect	203 175 249 192	258932	Olfr791
rect	203 175 249 192	258933	Olfr796
rect	203 175 249 192	258934	Olfr802
rect	203 175 249 192	258935	Olfr790
rect	203 175 249 192	258937	Olfr167
rect	203 175 249 192	258938	Olfr1417
rect	203 175 249 192	258939	Olfr63
rect	203 175 249 192	258940	Olfr346
rect	203 175 249 192	258941	Olfr354
rect	203 175 249 192	258942	Olfr352
rect	203 175 249 192	258943	Olfr353
rect	203 175 249 192	258944	Olfr351
rect	203 175 249 192	258945	Olfr347
rect	203 175 249 192	258946	Olfr348
rect	203 175 249 192	258947	Olfr345
rect	203 175 249 192	258949	Olfr338
rect	203 175 249 192	258950	Olfr342
rect	203 175 249 192	258951	Olfr339
rect	203 175 249 192	258952	Olfr341
rect	203 175 249 192	258953	Olfr340
rect	203 175 249 192	258954	Olfr522
rect	203 175 249 192	258955	Olfr531
rect	203 175 249 192	258956	Olfr535
rect	203 175 249 192	258958	Olfr525
rect	203 175 249 192	258959	Olfr170
rect	203 175 249 192	258960	Olfr171
rect	203 175 249 192	258961	Olfr631
rect	203 175 249 192	258962	Olfr53
rect	203 175 249 192	258963	Olfr539
rect	203 175 249 192	258964	Olfr541
rect	203 175 249 192	258967	Olfr1250
rect	203 175 249 192	258968	Olfr1247
rect	203 175 249 192	258969	Olfr1226
rect	203 175 249 192	258970	Olfr1242
rect	203 175 249 192	258971	Olfr1243
rect	203 175 249 192	258972	Olfr1239
rect	203 175 249 192	258973	Olfr1228
rect	203 175 249 192	258974	Olfr1233
rect	203 175 249 192	258975	Olfr1234
rect	203 175 249 192	258976	Olfr1262
rect	203 175 249 192	258977	Olfr1273-ps
rect	203 175 249 192	258979	Olfr1255
rect	203 175 249 192	258980	Olfr1258
rect	203 175 249 192	258982	Olfr1272
rect	203 175 249 192	258983	Olfr1260
rect	203 175 249 192	258984	Olfr1257
rect	203 175 249 192	258985	Olfr1256
rect	203 175 249 192	258987	Olfr1270
rect	203 175 249 192	258988	Olfr38
rect	203 175 249 192	258989	Olfr457
rect	203 175 249 192	258990	Olfr447
rect	203 175 249 192	258991	Olfr1496
rect	203 175 249 192	258992	Olfr1494
rect	203 175 249 192	258993	Olfr206
rect	203 175 249 192	258995	Olfr176
rect	203 175 249 192	258996	Olfr201
rect	203 175 249 192	258997	Olfr202
rect	203 175 249 192	258998	Olfr177
rect	203 175 249 192	258999	Olfr178
rect	203 175 249 192	259000	Olfr195
rect	203 175 249 192	259001	Olfr181
rect	203 175 249 192	259002	Olfr173
rect	203 175 249 192	259003	Olfr172
rect	203 175 249 192	259004	Olfr175-ps1
rect	203 175 249 192	259005	Olfr139
rect	203 175 249 192	259006	Olfr399
rect	203 175 249 192	259007	Olfr395
rect	203 175 249 192	259008	Olfr392
rect	203 175 249 192	259009	Olfr394
rect	203 175 249 192	259010	Olfr393
rect	203 175 249 192	259011	Olfr389
rect	203 175 249 192	259012	Olfr1052
rect	203 175 249 192	259013	Olfr1044
rect	203 175 249 192	259014	Olfr1047
rect	203 175 249 192	259015	Olfr1038-ps
rect	203 175 249 192	259016	Olfr1048
rect	203 175 249 192	259017	Olfr1019
rect	203 175 249 192	259018	Olfr1049
rect	203 175 249 192	259019	Olfr1045
rect	203 175 249 192	259020	Olfr1056
rect	203 175 249 192	259021	Olfr1054
rect	203 175 249 192	259022	Olfr1061
rect	203 175 249 192	259023	Olfr1055
rect	203 175 249 192	259024	Olfr381
rect	203 175 249 192	259025	Olfr385
rect	203 175 249 192	259026	Olfr378
rect	203 175 249 192	259027	Olfr380
rect	203 175 249 192	259030	Olfr1124
rect	203 175 249 192	259031	Olfr1120
rect	203 175 249 192	259032	Olfr1134
rect	203 175 249 192	259033	Olfr1122
rect	203 175 249 192	259034	Olfr705
rect	203 175 249 192	259035	Olfr714
rect	203 175 249 192	259036	Olfr713
rect	203 175 249 192	259037	Olfr711
rect	203 175 249 192	259038	Olfr283
rect	203 175 249 192	259039	Olfr1413
rect	203 175 249 192	259040	Olfr1416
rect	203 175 249 192	259041	Olfr1414
rect	203 175 249 192	259042	Olfr1351
rect	203 175 249 192	259044	Olfr1353
rect	203 175 249 192	259045	Olfr669
rect	203 175 249 192	259046	Olfr679
rect	203 175 249 192	259047	Olfr683
rect	203 175 249 192	259048	Olfr600
rect	203 175 249 192	259049	Olfr618
rect	203 175 249 192	259050	Olfr652
rect	203 175 249 192	259051	Olfr658
rect	203 175 249 192	259052	Olfr659
rect	203 175 249 192	259053	Olfr362
rect	203 175 249 192	259054	Olfr589
rect	203 175 249 192	259055	Olfr582
rect	203 175 249 192	259056	Olfr584
rect	203 175 249 192	259057	Olfr649
rect	203 175 249 192	259058	Olfr646
rect	203 175 249 192	259061	Olfr668
rect	203 175 249 192	259062	Olfr667
rect	203 175 249 192	259063	Olfr691
rect	203 175 249 192	259064	Olfr124
rect	203 175 249 192	259066	Olfr520
rect	203 175 249 192	259067	Olfr449
rect	203 175 249 192	259069	Olfr1389
rect	203 175 249 192	259070	Olfr829
rect	203 175 249 192	259071	Olfr166
rect	203 175 249 192	259072	Olfr686
rect	203 175 249 192	259073	Olfr603
rect	203 175 249 192	259074	Olfr1352
rect	203 175 249 192	259075	Olfr641
rect	203 175 249 192	259078	Olfr656
rect	203 175 249 192	259080	Olfr619
rect	203 175 249 192	259081	Olfr643
rect	203 175 249 192	259082	Olfr1062
rect	203 175 249 192	259083	Olfr547
rect	203 175 249 192	259084	Olfr615
rect	203 175 249 192	259085	Olfr610
rect	203 175 249 192	259086	Olfr609
rect	203 175 249 192	259087	Olfr622
rect	203 175 249 192	259088	Olfr639
rect	203 175 249 192	259089	Olfr571
rect	203 175 249 192	259091	Olfr585
rect	203 175 249 192	259092	Olfr569
rect	203 175 249 192	259093	Olfr572
rect	203 175 249 192	259095	Olfr568
rect	203 175 249 192	259096	Olfr561
rect	203 175 249 192	259097	Olfr558
rect	203 175 249 192	259098	Olfr606
rect	203 175 249 192	259099	Olfr676
rect	203 175 249 192	259100	Olfr666
rect	203 175 249 192	259102	Olfr630
rect	203 175 249 192	259103	Olfr616
rect	203 175 249 192	259104	Olfr613
rect	203 175 249 192	259105	Olfr549
rect	203 175 249 192	259106	Olfr552
rect	203 175 249 192	259107	Olfr555
rect	203 175 249 192	259108	Olfr550
rect	203 175 249 192	259109	Olfr978
rect	203 175 249 192	259110	Olfr980
rect	203 175 249 192	259111	Olfr974
rect	203 175 249 192	259112	Olfr979
rect	203 175 249 192	259113	Olfr577
rect	203 175 249 192	259114	Olfr570
rect	203 175 249 192	259115	Olfr586
rect	203 175 249 192	259116	Olfr559
rect	203 175 249 192	259117	Olfr560
rect	203 175 249 192	259118	Olfr575
rect	203 175 249 192	259119	Olfr578
rect	203 175 249 192	259122	Olfr635
rect	203 175 249 192	259123	Olfr632
rect	203 175 249 192	259124	Olfr638
rect	203 175 249 192	259125	Olfr644
rect	203 175 249 192	259126	Olfr623
rect	203 175 249 192	259147	Olfr723
rect	203 175 249 192	259148	Olfr329-ps
rect	203 175 249 192	259151	Olfr1037
rect	203 175 249 192	259159	Olfr628
rect	203 175 249 192	259161	Olfr688
rect	203 175 249 192	259162	Olfr427
rect	203 175 249 192	259163	Olfr1354
rect	203 175 249 192	259165	Olfr814
rect	203 175 249 192	269862	Olfr1349
rect	203 175 249 192	27216	Olfr154
rect	203 175 249 192	276865	Olfr1371
rect	203 175 249 192	277562	Olfr1286
rect	203 175 249 192	277935	Olfr519
rect	203 175 249 192	29845	Olfr155
rect	203 175 249 192	29846	Olfr156
rect	203 175 249 192	29849	Olfr159
rect	203 175 249 192	329460	Olfr1193
rect	203 175 249 192	383243	Olfr128
rect	203 175 249 192	384703	Olfr670
rect	203 175 249 192	384732	Gm10081
rect	203 175 249 192	404222	Olfr231
rect	203 175 249 192	404307	Olfr100
rect	203 175 249 192	404309	Olfr192
rect	203 175 249 192	404310	Olfr199
rect	203 175 249 192	404311	Olfr209
rect	203 175 249 192	404312	Olfr250
rect	203 175 249 192	404313	Olfr251
rect	203 175 249 192	404314	Olfr257
rect	203 175 249 192	404315	Olfr372
rect	203 175 249 192	404316	Olfr403
rect	203 175 249 192	404317	Olfr592
rect	203 175 249 192	404318	Olfr681
rect	203 175 249 192	404319	Olfr750
rect	203 175 249 192	404321	Olfr776
rect	203 175 249 192	404322	Olfr924
rect	203 175 249 192	404323	Olfr1040
rect	203 175 249 192	404324	Olfr1051
rect	203 175 249 192	404325	Olfr1057
rect	203 175 249 192	404327	Olfr1113
rect	203 175 249 192	404328	Olfr1118
rect	203 175 249 192	404329	Olfr1173
rect	203 175 249 192	404330	Olfr1198
rect	203 175 249 192	404331	Olfr1252
rect	203 175 249 192	404335	Olfr1535
rect	203 175 249 192	404336	Olfr1380
rect	203 175 249 192	404337	Olfr1383
rect	203 175 249 192	404339	Olfr1480
rect	203 175 249 192	404346	Olfr322
rect	203 175 249 192	404473	Olfr1082
rect	203 175 249 192	406175	Olfr242
rect	203 175 249 192	406176	Olfr151
rect	203 175 249 192	406186	Olfr142
rect	203 175 249 192	433031	Olfr194
rect	203 175 249 192	433449	Olfr1197
rect	203 175 249 192	436002	Olfr243
rect	203 175 249 192	544748	Olfr765
rect	203 175 249 192	545205	Olfr111
rect	203 175 249 192	545417	Olfr367-ps
rect	203 175 249 192	545985	Olfr612
rect	203 175 249 192	546487	Olfr766-ps1
rect	203 175 249 192	546488	Olfr785
rect	203 175 249 192	546747	Olfr220
rect	203 175 249 192	546769	Olfr1174-ps
rect	203 175 249 192	546770	Olfr1175-ps
rect	203 175 249 192	546896	Olfr455
rect	203 175 249 192	546989	Olfr607
rect	203 175 249 192	56014	Olfr70
rect	203 175 249 192	56015	Olfr71
rect	203 175 249 192	56858	Olfr749
rect	203 175 249 192	56860	Olfr690
rect	203 175 249 192	56861	Olfr480
rect	203 175 249 192	57250	Olfr653
rect	203 175 249 192	57251	Olfr870
rect	203 175 249 192	57269	Olfr1507
rect	203 175 249 192	57270	Olfr1508
rect	203 175 249 192	57271	Olfr1509
rect	203 175 249 192	57272	Olfr140
rect	203 175 249 192	629524	Olfr286
rect	203 175 249 192	634104	Olfr287
rect	203 175 249 192	66786	Olfr701
rect	203 175 249 192	668035	Olfr687
rect	203 175 249 192	80706	Olfr160
rect	778 218 824 235	12789	Cnga2
rect	778 218 824 235	233649	Cnga4
rect	778 218 824 235	333329	Cngb1
rect	778 269 824 286	243634	Ano2
rect	203 322 249 339	14918	Gucy2d
rect	203 322 249 339	14919	Gucy2e
rect	778 322 824 339	12790	Cnga3
rect	377 278 423 295	19091	Prkg1
rect	377 278 423 295	19092	Prkg2
rect	700 523 746 540	108058	Camk2d
rect	700 523 746 540	12322	Camk2a
rect	700 523 746 540	12323	Camk2b
rect	700 523 746 540	12325	Camk2g
rect	377 489 423 506	14680	Gnal
rect	377 489 423 506	14688	Gnb1
rect	377 489 423 506	14708	Gng7
rect	377 489 423 506	64337	Gng13
rect	617 572 663 589	12313	Calm1
rect	617 572 663 589	12314	Calm2
rect	617 572 663 589	12315	Calm3
rect	617 572 663 589	494124	Calm5
rect	617 572 663 589	70405	Calml3
rect	617 572 663 589	80796	Calm4
rect	529 572 575 589	18573	Pde1a
rect	529 572 575 589	18574	Pde1b
rect	529 572 575 589	18575	Pde1c
rect	377 549 423 566	18747	Prkaca
rect	377 549 423 566	18749	Prkacb
rect	778 490 824 507	104111	Adcy3
rect	203 489 249 506	100038859	Olfr55
rect	203 489 249 506	100038860	Olfr239
rect	203 489 249 506	100040268	Olfr157
rect	203 489 249 506	100041187	Olfr596
rect	203 489 249 506	100042690	Gm13769
rect	203 489 249 506	100043200	Olfr819
rect	203 489 249 506	100043203	Gm10310
rect	203 489 249 506	100043474	Gm4461
rect	203 489 249 506	100503048	LOC100503048
rect	203 489 249 506	102642662	LOC102642662
rect	203 489 249 506	102642684	LOC102642684
rect	203 489 249 506	110511	Olfr153
rect	203 489 249 506	117004	Olfr73
rect	203 489 249 506	117005	Olfr74
rect	203 489 249 506	170639	Olfr78
rect	203 489 249 506	170648	Olfr138
rect	203 489 249 506	18307	Olfr10
rect	203 489 249 506	18310	Olfr13
rect	203 489 249 506	18312	Olfr15
rect	203 489 249 506	18313	Olfr16
rect	203 489 249 506	18314	Olfr17
rect	203 489 249 506	18315	Olfr18
rect	203 489 249 506	18316	Olfr19
rect	203 489 249 506	18317	Olfr2
rect	203 489 249 506	18322	Olfr24
rect	203 489 249 506	18323	Olfr25
rect	203 489 249 506	18324	Olfr26
rect	203 489 249 506	18328	Olfr3
rect	203 489 249 506	18329	Olfr30
rect	203 489 249 506	18330	Olfr31
rect	203 489 249 506	18331	Olfr32
rect	203 489 249 506	18332	Olfr33
rect	203 489 249 506	18341	Olfr263
rect	203 489 249 506	18343	Olfr44
rect	203 489 249 506	18344	Olfr45
rect	203 489 249 506	18345	Olfr46
rect	203 489 249 506	18346	Olfr47
rect	203 489 249 506	18347	Olfr48
rect	203 489 249 506	18348	Olfr49
rect	203 489 249 506	18349	Olfr5
rect	203 489 249 506	18350	Olfr50
rect	203 489 249 506	18351	Olfr51
rect	203 489 249 506	18352	Olfr52
rect	203 489 249 506	18354	Olfr54
rect	203 489 249 506	18356	Olfr56
rect	203 489 249 506	18357	Olfr57
rect	203 489 249 506	18359	Olfr59
rect	203 489 249 506	18361	Olfr60
rect	203 489 249 506	18362	Olfr61
rect	203 489 249 506	18363	Olfr62
rect	203 489 249 506	18365	Olfr65
rect	203 489 249 506	18366	Olfr64
rect	203 489 249 506	18367	Olfr66
rect	203 489 249 506	18368	Olfr67
rect	203 489 249 506	18369	Olfr68
rect	203 489 249 506	18370	Olfr69
rect	203 489 249 506	18372	Olfr8
rect	203 489 249 506	18373	Olfr9
rect	203 489 249 506	193053	Olfr384
rect	203 489 249 506	194433	Olfr707
rect	203 489 249 506	211472	Olfr1373
rect	203 489 249 506	216783	Olfr320
rect	203 489 249 506	218066	Olfr11
rect	203 489 249 506	219019	Olfr743
rect	203 489 249 506	227789	Olfr358
rect	203 489 249 506	228228	Olfr1102
rect	203 489 249 506	228443	Olfr1283
rect	203 489 249 506	233578	Olfr553
rect	203 489 249 506	233670	Olfr6
rect	203 489 249 506	235248	Olfr952
rect	203 489 249 506	235256	Olfr149
rect	203 489 249 506	236509	Olfr366
rect	203 489 249 506	236784	Olfr1320
rect	203 489 249 506	236785	Olfr1321
rect	203 489 249 506	244187	Olfr684
rect	203 489 249 506	257662	Olfr1290
rect	203 489 249 506	257665	Olfr1506
rect	203 489 249 506	257666	Olfr772
rect	203 489 249 506	257667	Olfr769
rect	203 489 249 506	257734	Olfr1355
rect	203 489 249 506	257872	Olfr835
rect	203 489 249 506	257881	Olfr205
rect	203 489 249 506	257882	Olfr1344
rect	203 489 249 506	257883	Olfr1357
rect	203 489 249 506	257884	Olfr744
rect	203 489 249 506	257886	Olfr225
rect	203 489 249 506	257887	Olfr1200
rect	203 489 249 506	257888	Olfr1386
rect	203 489 249 506	257889	Olfr132
rect	203 489 249 506	257890	Olfr12
rect	203 489 249 506	257891	Olfr479
rect	203 489 249 506	257892	Olfr324
rect	203 489 249 506	257898	Olfr867
rect	203 489 249 506	257900	Olfr1024
rect	203 489 249 506	257902	Olfr704
rect	203 489 249 506	257904	Olfr294
rect	203 489 249 506	257905	Olfr298
rect	203 489 249 506	257909	Olfr735
rect	203 489 249 506	257910	Olfr671
rect	203 489 249 506	257912	Olfr948
rect	203 489 249 506	257913	Olfr141
rect	203 489 249 506	257915	Olfr1016
rect	203 489 249 506	257916	Olfr1031
rect	203 489 249 506	257917	Olfr314
rect	203 489 249 506	257919	Olfr467
rect	203 489 249 506	257921	Olfr1229
rect	203 489 249 506	257926	Olfr544
rect	203 489 249 506	257929	Olfr299
rect	203 489 249 506	257932	Olfr332
rect	203 489 249 506	257933	Olfr1089
rect	203 489 249 506	257936	Olfr1028
rect	203 489 249 506	257938	Olfr1419
rect	203 489 249 506	257939	Olfr527
rect	203 489 249 506	257941	Olfr1042
rect	203 489 249 506	257947	Olfr543
rect	203 489 249 506	257950	Olfr1039
rect	203 489 249 506	257951	Olfr987
rect	203 489 249 506	257956	Olfr1307
rect	203 489 249 506	257958	Olfr301
rect	203 489 249 506	257959	Olfr1537
rect	203 489 249 506	257961	Olfr1432
rect	203 489 249 506	257962	Olfr222
rect	203 489 249 506	257963	Olfr857
rect	203 489 249 506	257972	Olfr193
rect	203 489 249 506	257974	Olfr1053
rect	203 489 249 506	257975	Olfr598
rect	203 489 249 506	257978	Olfr1322
rect	203 489 249 506	257979	Olfr1281
rect	203 489 249 506	257985	Olfr782
rect	203 489 249 506	258016	Olfr453
rect	203 489 249 506	258019	Olfr212
rect	203 489 249 506	258020	Olfr213
rect	203 489 249 506	258022	Olfr1318
rect	203 489 249 506	258023	Olfr1306
rect	203 489 249 506	258025	Olfr1211
rect	203 489 249 506	258027	Olfr1385
rect	203 489 249 506	258028	Olfr901
rect	203 489 249 506	258036	Olfr198
rect	203 489 249 506	258039	Olfr728
rect	203 489 249 506	258055	Olfr524
rect	203 489 249 506	258056	Olfr533
rect	203 489 249 506	258065	Olfr312
rect	203 489 249 506	258067	Olfr1359
rect	203 489 249 506	258069	Olfr787
rect	203 489 249 506	258074	Olfr834
rect	203 489 249 506	258086	Olfr967
rect	203 489 249 506	258087	Olfr963
rect	203 489 249 506	258089	Olfr304
rect	203 489 249 506	258097	Olfr1500
rect	203 489 249 506	258098	Olfr1490
rect	203 489 249 506	258103	Olfr1152
rect	203 489 249 506	258105	Olfr1162
rect	203 489 249 506	258111	Olfr1129
rect	203 489 249 506	258113	Olfr748
rect	203 489 249 506	258117	Olfr1437
rect	203 489 249 506	258120	Olfr1463
rect	203 489 249 506	258134	Olfr426
rect	203 489 249 506	258135	Olfr597
rect	203 489 249 506	258136	Olfr517
rect	203 489 249 506	258139	Olfr591
rect	203 489 249 506	258147	Olfr675
rect	203 489 249 506	258148	Olfr789
rect	203 489 249 506	258151	Olfr1505
rect	203 489 249 506	258153	Olfr412
rect	203 489 249 506	258154	Olfr1029
rect	203 489 249 506	258155	Olfr1425
rect	203 489 249 506	258156	Olfr605
rect	203 489 249 506	258158	Olfr169
rect	203 489 249 506	258160	Olfr685
rect	203 489 249 506	258168	Olfr566
rect	203 489 249 506	258173	Olfr1532-ps1
rect	203 489 249 506	258177	Olfr1222
rect	203 489 249 506	258178	Olfr180
rect	203 489 249 506	258189	Olfr624
rect	203 489 249 506	258196	Olfr309
rect	203 489 249 506	258198	Olfr224
rect	203 489 249 506	258201	Olfr538
rect	203 489 249 506	258203	Olfr1178
rect	203 489 249 506	258206	Olfr1264
rect	203 489 249 506	258207	Olfr452
rect	203 489 249 506	258216	Olfr1034
rect	203 489 249 506	258218	Olfr102
rect	203 489 249 506	258222	Olfr310
rect	203 489 249 506	258224	Olfr1358
rect	203 489 249 506	258227	Olfr1418
rect	203 489 249 506	258228	Olfr1415
rect	203 489 249 506	258231	Olfr1471
rect	203 489 249 506	258232	Olfr774
rect	203 489 249 506	258233	Olfr741
rect	203 489 249 506	258235	Olfr1084
rect	203 489 249 506	258238	Olfr417
rect	203 489 249 506	258241	Olfr1212
rect	203 489 249 506	258242	Olfr955
rect	203 489 249 506	258245	Olfr1036
rect	203 489 249 506	258246	Olfr594
rect	203 489 249 506	258247	Olfr645
rect	203 489 249 506	258248	Olfr576
rect	203 489 249 506	258249	Olfr845
rect	203 489 249 506	258252	Olfr813
rect	203 489 249 506	258255	Olfr1010
rect	203 489 249 506	258257	Olfr1313
rect	203 489 249 506	258258	Olfr1308
rect	203 489 249 506	258259	Olfr1338
rect	203 489 249 506	258261	Olfr325
rect	203 489 249 506	258263	Olfr117
rect	203 489 249 506	258264	Olfr747
rect	203 489 249 506	258265	Olfr1333
rect	203 489 249 506	258266	Olfr247
rect	203 489 249 506	258267	Olfr370
rect	203 489 249 506	258268	Olfr1511
rect	203 489 249 506	258269	Olfr930
rect	203 489 249 506	258270	Olfr448
rect	203 489 249 506	258271	Olfr1311
rect	203 489 249 506	258272	Olfr1402
rect	203 489 249 506	258273	Olfr1394
rect	203 489 249 506	258274	Olfr1412
rect	203 489 249 506	258275	Olfr729
rect	203 489 249 506	258276	Olfr960
rect	203 489 249 506	258277	Olfr281
rect	203 489 249 506	258278	Olfr284
rect	203 489 249 506	258279	Olfr846
rect	203 489 249 506	258280	Olfr1366
rect	203 489 249 506	258281	Olfr780
rect	203 489 249 506	258282	Olfr801
rect	203 489 249 506	258283	Olfr981
rect	203 489 249 506	258284	Olfr114
rect	203 489 249 506	258285	Olfr122
rect	203 489 249 506	258286	Olfr113
rect	203 489 249 506	258287	Olfr125
rect	203 489 249 506	258288	Olfr1484
rect	203 489 249 506	258289	Olfr1324
rect	203 489 249 506	258290	Olfr1143
rect	203 489 249 506	258291	Olfr1167
rect	203 489 249 506	258292	Olfr446
rect	203 489 249 506	258293	Olfr437
rect	203 489 249 506	258294	Olfr1115
rect	203 489 249 506	258295	Olfr746
rect	203 489 249 506	258296	Olfr745
rect	203 489 249 506	258297	Olfr827
rect	203 489 249 506	258298	Olfr1475
rect	203 489 249 506	258300	Olfr1449
rect	203 489 249 506	258301	Olfr1340
rect	203 489 249 506	258302	Olfr420
rect	203 489 249 506	258303	Olfr518
rect	203 489 249 506	258304	Olfr498
rect	203 489 249 506	258305	Olfr1356
rect	203 489 249 506	258306	Olfr1337
rect	203 489 249 506	258307	Olfr493
rect	203 489 249 506	258308	Olfr510
rect	203 489 249 506	258309	Olfr657
rect	203 489 249 506	258310	Olfr145
rect	203 489 249 506	258311	Olfr601
rect	203 489 249 506	258313	Olfr726
rect	203 489 249 506	258314	Olfr725
rect	203 489 249 506	258315	Olfr767
rect	203 489 249 506	258316	Olfr727
rect	203 489 249 506	258317	Olfr1145
rect	203 489 249 506	258318	Olfr186
rect	203 489 249 506	258319	Olfr187
rect	203 489 249 506	258320	Olfr1232
rect	203 489 249 506	258321	Olfr809
rect	203 489 249 506	258322	Olfr554
rect	203 489 249 506	258323	Olfr943
rect	203 489 249 506	258324	Olfr129
rect	203 489 249 506	258325	Olfr110
rect	203 489 249 506	258326	Olfr642
rect	203 489 249 506	258327	Olfr958
rect	203 489 249 506	258328	Olfr954
rect	203 489 249 506	258329	Olfr135
rect	203 489 249 506	258330	Olfr1274-ps
rect	203 489 249 506	258331	Olfr1330
rect	203 489 249 506	258333	Olfr893
rect	203 489 249 506	258334	Olfr1396
rect	203 489 249 506	258335	Olfr374
rect	203 489 249 506	258336	Olfr77
rect	203 489 249 506	258338	Olfr1259
rect	203 489 249 506	258339	Olfr1269
rect	203 489 249 506	258340	Olfr1265
rect	203 489 249 506	258341	Olfr1495
rect	203 489 249 506	258342	Olfr1491
rect	203 489 249 506	258343	Olfr397
rect	203 489 249 506	258344	Olfr390
rect	203 489 249 506	258345	Olfr1121
rect	203 489 249 506	258346	Olfr1128
rect	203 489 249 506	258347	Olfr1123
rect	203 489 249 506	258348	Olfr1133
rect	203 489 249 506	258350	Olfr706
rect	203 489 249 506	258351	Olfr633
rect	203 489 249 506	258352	Olfr692
rect	203 489 249 506	258353	Olfr521
rect	203 489 249 506	258354	Olfr168
rect	203 489 249 506	258355	Olfr677
rect	203 489 249 506	258356	Olfr564
rect	203 489 249 506	258357	Olfr574
rect	203 489 249 506	258358	Olfr557
rect	203 489 249 506	258359	Olfr1312
rect	203 489 249 506	258360	Olfr731
rect	203 489 249 506	258361	Olfr495
rect	203 489 249 506	258362	Olfr1094
rect	203 489 249 506	258363	Olfr1093
rect	203 489 249 506	258364	Olfr976
rect	203 489 249 506	258365	Olfr361
rect	203 489 249 506	258366	Olfr434
rect	203 489 249 506	258368	Olfr1450
rect	203 489 249 506	258369	Olfr509
rect	203 489 249 506	258371	Olfr368
rect	203 489 249 506	258372	Olfr918
rect	203 489 249 506	258373	Olfr323
rect	203 489 249 506	258374	Olfr127
rect	203 489 249 506	258375	Olfr794
rect	203 489 249 506	258377	Olfr654
rect	203 489 249 506	258378	Olfr593
rect	203 489 249 506	258379	Olfr1284
rect	203 489 249 506	258380	Olfr461
rect	203 489 249 506	258381	Olfr460
rect	203 489 249 506	258382	Olfr208
rect	203 489 249 506	258383	Olfr1347
rect	203 489 249 506	258384	Olfr1350
rect	203 489 249 506	258385	Olfr1323
rect	203 489 249 506	258386	Olfr1058
rect	203 489 249 506	258387	Olfr720
rect	203 489 249 506	258388	Olfr1279
rect	203 489 249 506	258389	Olfr1278
rect	203 489 249 506	258390	Olfr1276
rect	203 489 249 506	258391	Olfr1277
rect	203 489 249 506	258392	Olfr190
rect	203 489 249 506	258393	Olfr1325
rect	203 489 249 506	258394	Olfr1328
rect	203 489 249 506	258395	Olfr1288
rect	203 489 249 506	258396	Olfr1305
rect	203 489 249 506	258397	Olfr1303
rect	203 489 249 506	258398	Olfr1295
rect	203 489 249 506	258399	Olfr1289
rect	203 489 249 506	258401	Olfr1076
rect	203 489 249 506	258402	Olfr1079
rect	203 489 249 506	258403	Olfr1065
rect	203 489 249 506	258404	Olfr1080
rect	203 489 249 506	258405	Olfr1420
rect	203 489 249 506	258406	Olfr462
rect	203 489 249 506	258407	Olfr464
rect	203 489 249 506	258408	Olfr463
rect	203 489 249 506	258409	Olfr1431
rect	203 489 249 506	258410	Olfr291
rect	203 489 249 506	258411	Olfr290
rect	203 489 249 506	258412	Olfr877
rect	203 489 249 506	258413	Olfr881
rect	203 489 249 506	258414	Olfr883
rect	203 489 249 506	258415	Olfr887
rect	203 489 249 506	258416	Olfr888
rect	203 489 249 506	258417	Olfr470
rect	203 489 249 506	258418	Olfr469
rect	203 489 249 506	258420	Olfr221
rect	203 489 249 506	258421	Olfr223
rect	203 489 249 506	258422	Olfr742
rect	203 489 249 506	258423	Olfr1510
rect	203 489 249 506	258424	Olfr1512
rect	203 489 249 506	258425	Olfr994
rect	203 489 249 506	258426	Olfr995
rect	203 489 249 506	258427	Olfr993
rect	203 489 249 506	258428	Olfr998
rect	203 489 249 506	258429	Olfr996
rect	203 489 249 506	258430	Olfr938
rect	203 489 249 506	258431	Olfr937
rect	203 489 249 506	258432	Olfr919
rect	203 489 249 506	258433	Olfr933
rect	203 489 249 506	258434	Olfr934
rect	203 489 249 506	258435	Olfr382
rect	203 489 249 506	258436	Olfr458
rect	203 489 249 506	258437	Olfr450
rect	203 489 249 506	258438	Olfr215
rect	203 489 249 506	258439	Olfr1309
rect	203 489 249 506	258440	Olfr1317
rect	203 489 249 506	258441	Olfr1310
rect	203 489 249 506	258442	Olfr1314
rect	203 489 249 506	258443	Olfr164
rect	203 489 249 506	258444	Olfr694
rect	203 489 249 506	258445	Olfr693
rect	203 489 249 506	258446	Olfr1231
rect	203 489 249 506	258447	Olfr1241
rect	203 489 249 506	258448	Olfr92
rect	203 489 249 506	258449	Olfr282
rect	203 489 249 506	258450	Olfr1199
rect	203 489 249 506	258451	Olfr1215
rect	203 489 249 506	258453	Olfr1209
rect	203 489 249 506	258454	Olfr1202
rect	203 489 249 506	258455	Olfr1204
rect	203 489 249 506	258456	Olfr1196
rect	203 489 249 506	258457	Olfr108
rect	203 489 249 506	258458	Olfr165
rect	203 489 249 506	258459	Olfr1388
rect	203 489 249 506	258460	Olfr1391
rect	203 489 249 506	258461	Olfr1381
rect	203 489 249 506	258462	Olfr1392
rect	203 489 249 506	258463	Olfr1393
rect	203 489 249 506	258464	Olfr1384
rect	203 489 249 506	258465	Olfr1387
rect	203 489 249 506	258466	Olfr1261
rect	203 489 249 506	258468	Olfr1254
rect	203 489 249 506	258469	Olfr90
rect	203 489 249 506	258470	Olfr91
rect	203 489 249 506	258471	Olfr891
rect	203 489 249 506	258472	Olfr899
rect	203 489 249 506	258474	Olfr890
rect	203 489 249 506	258475	Olfr889
rect	203 489 249 506	258477	Olfr197
rect	203 489 249 506	258478	Olfr183
rect	203 489 249 506	258479	Olfr203
rect	203 489 249 506	258480	Olfr130
rect	203 489 249 506	258481	Olfr137
rect	203 489 249 506	258482	Olfr266
rect	203 489 249 506	258483	Olfr1411
rect	203 489 249 506	258484	Olfr1410
rect	203 489 249 506	258485	Olfr724
rect	203 489 249 506	258486	Olfr730
rect	203 489 249 506	258487	Olfr722
rect	203 489 249 506	258488	Olfr474
rect	203 489 249 506	258489	Olfr486
rect	203 489 249 506	258490	Olfr492
rect	203 489 249 506	258491	Olfr490
rect	203 489 249 506	258492	Olfr484
rect	203 489 249 506	258493	Olfr319
rect	203 489 249 506	258494	Olfr318
rect	203 489 249 506	258495	Olfr328
rect	203 489 249 506	258497	Olfr961
rect	203 489 249 506	258498	Olfr148
rect	203 489 249 506	258499	Olfr945
rect	203 489 249 506	258500	Olfr944
rect	203 489 249 506	258501	Olfr959
rect	203 489 249 506	258502	Olfr279
rect	203 489 249 506	258503	Olfr98
rect	203 489 249 506	258504	Olfr107
rect	203 489 249 506	258505	Olfr97
rect	203 489 249 506	258506	Olfr95
rect	203 489 249 506	258507	Olfr96
rect	203 489 249 506	258508	Olfr99
rect	203 489 249 506	258511	Olfr523
rect	203 489 249 506	258512	Olfr530
rect	203 489 249 506	258513	Olfr536
rect	203 489 249 506	258515	Olfr854
rect	203 489 249 506	258516	Olfr850
rect	203 489 249 506	258517	Olfr855
rect	203 489 249 506	258518	Olfr847
rect	203 489 249 506	258519	Olfr859
rect	203 489 249 506	258520	Olfr849
rect	203 489 249 506	258521	Olfr860
rect	203 489 249 506	258522	Olfr1183
rect	203 489 249 506	258523	Olfr1186
rect	203 489 249 506	258524	Olfr1168
rect	203 489 249 506	258525	Olfr1170
rect	203 489 249 506	258526	Olfr1367
rect	203 489 249 506	258527	Olfr1368
rect	203 489 249 506	258528	Olfr1370
rect	203 489 249 506	258529	Olfr313
rect	203 489 249 506	258530	Olfr311
rect	203 489 249 506	258531	Olfr315
rect	203 489 249 506	258532	Olfr373
rect	203 489 249 506	258533	Olfr1364
rect	203 489 249 506	258534	Olfr1361
rect	203 489 249 506	258536	Olfr1360
rect	203 489 249 506	258537	Olfr777
rect	203 489 249 506	258538	Olfr775
rect	203 489 249 506	258540	Olfr771
rect	203 489 249 506	258541	Olfr800
rect	203 489 249 506	258542	Olfr786
rect	203 489 249 506	258543	Olfr810
rect	203 489 249 506	258544	Olfr788
rect	203 489 249 506	258545	Olfr811
rect	203 489 249 506	258546	Olfr806
rect	203 489 249 506	258547	Olfr803
rect	203 489 249 506	258548	Olfr805
rect	203 489 249 506	258549	Olfr798
rect	203 489 249 506	258551	Olfr866
rect	203 489 249 506	258552	Olfr868
rect	203 489 249 506	258553	Olfr872
rect	203 489 249 506	258554	Olfr873
rect	203 489 249 506	258555	Olfr862
rect	203 489 249 506	258557	Olfr836
rect	203 489 249 506	258558	Olfr837
rect	203 489 249 506	258559	Olfr830
rect	203 489 249 506	258560	Olfr843
rect	203 489 249 506	258561	Olfr1012
rect	203 489 249 506	258562	Olfr1014
rect	203 489 249 506	258563	Olfr1006
rect	203 489 249 506	258564	Olfr1015
rect	203 489 249 506	258565	Olfr1009
rect	203 489 249 506	258566	Olfr1002
rect	203 489 249 506	258568	Olfr1457
rect	203 489 249 506	258569	Olfr459
rect	203 489 249 506	258570	Olfr1043
rect	203 489 249 506	258571	Olfr1033
rect	203 489 249 506	258572	Olfr1032
rect	203 489 249 506	258573	Olfr1020
rect	203 489 249 506	258575	Olfr1046
rect	203 489 249 506	258577	Olfr1026
rect	203 489 249 506	258579	Olfr1018
rect	203 489 249 506	258580	Olfr1023
rect	203 489 249 506	258581	Olfr1030
rect	203 489 249 506	258582	Olfr1022
rect	203 489 249 506	258583	Olfr1085
rect	203 489 249 506	258584	Olfr1101
rect	203 489 249 506	258585	Olfr1086
rect	203 489 249 506	258586	Olfr1111
rect	203 489 249 506	258587	Olfr1100
rect	203 489 249 506	258589	Olfr703
rect	203 489 249 506	258590	Olfr702
rect	203 489 249 506	258591	Olfr695
rect	203 489 249 506	258592	Olfr697
rect	203 489 249 506	258593	Olfr700
rect	203 489 249 506	258594	Olfr710
rect	203 489 249 506	258595	Olfr698
rect	203 489 249 506	258597	Olfr716
rect	203 489 249 506	258598	Olfr828
rect	203 489 249 506	258600	Olfr270
rect	203 489 249 506	258601	Olfr984
rect	203 489 249 506	258602	Olfr150
rect	203 489 249 506	258603	Olfr972
rect	203 489 249 506	258604	Olfr970
rect	203 489 249 506	258605	Olfr968
rect	203 489 249 506	258606	Olfr229
rect	203 489 249 506	258607	Olfr971
rect	203 489 249 506	258608	Olfr986
rect	203 489 249 506	258609	Olfr305
rect	203 489 249 506	258610	Olfr307
rect	203 489 249 506	258611	Olfr297
rect	203 489 249 506	258612	Olfr303
rect	203 489 249 506	258613	Olfr292
rect	203 489 249 506	258614	Olfr308
rect	203 489 249 506	258615	Olfr360
rect	203 489 249 506	258616	Olfr357
rect	203 489 249 506	258617	Olfr356
rect	203 489 249 506	258618	Olfr355
rect	203 489 249 506	258620	Olfr350
rect	203 489 249 506	258621	Olfr344
rect	203 489 249 506	258622	Olfr121
rect	203 489 249 506	258623	Olfr123
rect	203 489 249 506	258624	Olfr120
rect	203 489 249 506	258625	Olfr116
rect	203 489 249 506	258626	Olfr1501
rect	203 489 249 506	258627	Olfr1504
rect	203 489 249 506	258628	Olfr1489
rect	203 489 249 506	258629	Olfr1487
rect	203 489 249 506	258630	Olfr1141
rect	203 489 249 506	258631	Olfr1151
rect	203 489 249 506	258632	Olfr1138
rect	203 489 249 506	258633	Olfr1153
rect	203 489 249 506	258634	Olfr1164
rect	203 489 249 506	258635	Olfr1140
rect	203 489 249 506	258636	Olfr1155
rect	203 489 249 506	258638	Olfr1163
rect	203 489 249 506	258639	Olfr1158
rect	203 489 249 506	258640	Olfr152
rect	203 489 249 506	258641	Olfr1154
rect	203 489 249 506	258643	Olfr1160
rect	203 489 249 506	258644	Olfr1166
rect	203 489 249 506	258645	Olfr418
rect	203 489 249 506	258647	Olfr435
rect	203 489 249 506	258648	Olfr237-ps1
rect	203 489 249 506	258649	Olfr441
rect	203 489 249 506	258650	Olfr444
rect	203 489 249 506	258652	Olfr1131
rect	203 489 249 506	258653	Olfr1136
rect	203 489 249 506	258654	Olfr1135
rect	203 489 249 506	258655	Olfr1112
rect	203 489 249 506	258656	Olfr365
rect	203 489 249 506	258657	Olfr733
rect	203 489 249 506	258658	Olfr734
rect	203 489 249 506	258659	Olfr732
rect	203 489 249 506	258660	Olfr736
rect	203 489 249 506	258661	Olfr740
rect	203 489 249 506	258662	Olfr738
rect	203 489 249 506	258663	Olfr739
rect	203 489 249 506	258665	Olfr815
rect	203 489 249 506	258666	Olfr822
rect	203 489 249 506	258667	Olfr816
rect	203 489 249 506	258668	Olfr823
rect	203 489 249 506	258669	Olfr824
rect	203 489 249 506	258670	Olfr820
rect	203 489 249 506	258671	Olfr826
rect	203 489 249 506	258672	Olfr825
rect	203 489 249 506	258673	Olfr1428
rect	203 489 249 506	258674	Olfr1427
rect	203 489 249 506	258675	Olfr1423
rect	203 489 249 506	258676	Olfr1424
rect	203 489 249 506	258677	Olfr76
rect	203 489 249 506	258678	Olfr1441
rect	203 489 249 506	258679	Olfr1440
rect	203 489 249 506	258680	Olfr1434
rect	203 489 249 506	258682	Olfr1436
rect	203 489 249 506	258683	Olfr262
rect	203 489 249 506	258684	Olfr1459
rect	203 489 249 506	258685	Olfr1472
rect	203 489 249 506	258686	Olfr1467
rect	203 489 249 506	258687	Olfr1454
rect	203 489 249 506	258688	Olfr1462
rect	203 489 249 506	258689	Olfr1466
rect	203 489 249 506	258690	Olfr1469
rect	203 489 249 506	258691	Olfr1477
rect	203 489 249 506	258692	Olfr1442
rect	203 489 249 506	258693	Olfr1443
rect	203 489 249 506	258694	Olfr1445
rect	203 489 249 506	258695	Olfr1453
rect	203 489 249 506	258696	Olfr1448
rect	203 489 249 506	258697	Olfr1444
rect	203 489 249 506	258698	Olfr1447
rect	203 489 249 506	258699	Olfr1446
rect	203 489 249 506	258700	Olfr1451
rect	203 489 249 506	258701	Olfr401
rect	203 489 249 506	258702	Olfr410
rect	203 489 249 506	258703	Olfr402
rect	203 489 249 506	258704	Olfr411
rect	203 489 249 506	258705	Olfr398
rect	203 489 249 506	258706	Olfr43
rect	203 489 249 506	258708	Olfr1342
rect	203 489 249 506	258709	Olfr248
rect	203 489 249 506	258710	Olfr419
rect	203 489 249 506	258711	Olfr432
rect	203 489 249 506	258712	Olfr433
rect	203 489 249 506	258713	Olfr430
rect	203 489 249 506	258715	Olfr421-ps1
rect	203 489 249 506	258716	Olfr424
rect	203 489 249 506	258717	Olfr429
rect	203 489 249 506	258718	Olfr513
rect	203 489 249 506	258719	Olfr512
rect	203 489 249 506	258720	Olfr516
rect	203 489 249 506	258721	Olfr514
rect	203 489 249 506	258722	Olfr611
rect	203 489 249 506	258723	Olfr781
rect	203 489 249 506	258724	Olfr784
rect	203 489 249 506	258725	Olfr1095
rect	203 489 249 506	258726	Olfr599
rect	203 489 249 506	258727	Olfr488
rect	203 489 249 506	258728	Olfr482
rect	203 489 249 506	258729	Olfr478
rect	203 489 249 506	258730	Olfr483
rect	203 489 249 506	258731	Olfr491
rect	203 489 249 506	258732	Olfr494
rect	203 489 249 506	258733	Olfr497
rect	203 489 249 506	258734	Olfr502
rect	203 489 249 506	258736	Olfr1497
rect	203 489 249 506	258737	Olfr1316
rect	203 489 249 506	258738	Olfr507
rect	203 489 249 506	258739	Olfr1362
rect	203 489 249 506	258740	Olfr957
rect	203 489 249 506	258741	Olfr935
rect	203 489 249 506	258742	Olfr146
rect	203 489 249 506	258743	Olfr661
rect	203 489 249 506	258744	Olfr875
rect	203 489 249 506	258745	Olfr689
rect	203 489 249 506	258746	Olfr648
rect	203 489 249 506	258747	Olfr1106
rect	203 489 249 506	258748	Olfr1195
rect	203 489 249 506	258749	Olfr556
rect	203 489 249 506	258750	Olfr551
rect	203 489 249 506	258751	Olfr608
rect	203 489 249 506	258752	Olfr583
rect	203 489 249 506	258753	Olfr678
rect	203 489 249 506	258754	Olfr214
rect	203 489 249 506	258755	Olfr672
rect	203 489 249 506	258756	Olfr414
rect	203 489 249 506	258757	Olfr1013
rect	203 489 249 506	258758	Olfr1406
rect	203 489 249 506	258759	Olfr1408
rect	203 489 249 506	258762	Olfr1109
rect	203 489 249 506	258763	Olfr1104
rect	203 489 249 506	258764	Olfr1099
rect	203 489 249 506	258765	Olfr1110
rect	203 489 249 506	258766	Olfr259
rect	203 489 249 506	258767	Olfr1176
rect	203 489 249 506	258768	Olfr1189
rect	203 489 249 506	258769	Olfr508
rect	203 489 249 506	258770	Olfr472
rect	203 489 249 506	258771	Olfr473
rect	203 489 249 506	258772	Olfr821
rect	203 489 249 506	258773	Olfr818
rect	203 489 249 506	258774	Olfr1208
rect	203 489 249 506	258775	Olfr196
rect	203 489 249 506	258776	Olfr715
rect	203 489 249 506	258777	Olfr922
rect	203 489 249 506	258778	Olfr921
rect	203 489 249 506	258780	Olfr916
rect	203 489 249 506	258781	Olfr915
rect	203 489 249 506	258782	Olfr914
rect	203 489 249 506	258783	Olfr920
rect	203 489 249 506	258784	Olfr1245
rect	203 489 249 506	258785	Olfr1230
rect	203 489 249 506	258786	Olfr1238
rect	203 489 249 506	258787	Olfr1248
rect	203 489 249 506	258788	Olfr1246
rect	203 489 249 506	258789	Olfr1271
rect	203 489 249 506	258790	Olfr1263
rect	203 489 249 506	258791	Olfr812
rect	203 489 249 506	258792	Olfr1499
rect	203 489 249 506	258793	Olfr1502
rect	203 489 249 506	258794	Olfr878
rect	203 489 249 506	258797	Olfr904
rect	203 489 249 506	258798	Olfr902
rect	203 489 249 506	258799	Olfr906
rect	203 489 249 506	258800	Olfr905
rect	203 489 249 506	258801	Olfr907
rect	203 489 249 506	258802	Olfr143
rect	203 489 249 506	258803	Olfr136
rect	203 489 249 506	258804	Olfr1240
rect	203 489 249 506	258805	Olfr1426
rect	203 489 249 506	258806	Olfr912
rect	203 489 249 506	258807	Olfr910
rect	203 489 249 506	258808	Olfr620
rect	203 489 249 506	258809	Olfr651
rect	203 489 249 506	258810	Olfr665
rect	203 489 249 506	258811	Olfr926
rect	203 489 249 506	258812	Olfr923
rect	203 489 249 506	258814	Olfr1156
rect	203 489 249 506	258815	Olfr1218
rect	203 489 249 506	258816	Olfr466
rect	203 489 249 506	258817	Olfr655
rect	203 489 249 506	258818	Olfr629
rect	203 489 249 506	258819	Olfr640
rect	203 489 249 506	258820	Olfr1184
rect	203 489 249 506	258821	Olfr273
rect	203 489 249 506	258822	Olfr39
rect	203 489 249 506	258823	Olfr969
rect	203 489 249 506	258824	Olfr983
rect	203 489 249 506	258825	Olfr975
rect	203 489 249 506	258826	Olfr27
rect	203 489 249 506	258828	Olfr133
rect	203 489 249 506	258829	Olfr134
rect	203 489 249 506	258830	Olfr103
rect	203 489 249 506	258831	Olfr101
rect	203 489 249 506	258832	Olfr109
rect	203 489 249 506	258833	Olfr1132
rect	203 489 249 506	258834	Olfr1126
rect	203 489 249 506	258835	Olfr1130
rect	203 489 249 506	258836	Olfr272
rect	203 489 249 506	258837	Olfr545
rect	203 489 249 506	258838	Olfr617
rect	203 489 249 506	258840	Olfr1097
rect	203 489 249 506	258841	Olfr1107
rect	203 489 249 506	258842	Olfr1098
rect	203 489 249 506	258843	Olfr1087
rect	203 489 249 506	258844	Olfr1090
rect	203 489 249 506	258845	Olfr1161
rect	203 489 249 506	258846	Olfr1157
rect	203 489 249 506	258850	Olfr295
rect	203 489 249 506	258851	Olfr1339
rect	203 489 249 506	258852	Olfr1341
rect	203 489 249 506	258853	Olfr982
rect	203 489 249 506	258854	Olfr985
rect	203 489 249 506	258857	Olfr275
rect	203 489 249 506	258858	Olfr371
rect	203 489 249 506	258859	Olfr161
rect	203 489 249 506	258861	Olfr763
rect	203 489 249 506	258862	Olfr770
rect	203 489 249 506	258863	Olfr768
rect	203 489 249 506	258865	Olfr992
rect	203 489 249 506	258866	Olfr1008
rect	203 489 249 506	258867	Olfr131
rect	203 489 249 506	258868	Olfr894
rect	203 489 249 506	258869	Olfr147
rect	203 489 249 506	258871	Olfr898
rect	203 489 249 506	258872	Olfr908
rect	203 489 249 506	258873	Olfr911-ps1
rect	203 489 249 506	258874	Olfr900
rect	203 489 249 506	258875	Olfr895
rect	203 489 249 506	258877	Olfr1395
rect	203 489 249 506	258879	Olfr330
rect	203 489 249 506	258880	Olfr218
rect	203 489 249 506	258881	Olfr1404
rect	203 489 249 506	258882	Olfr874
rect	203 489 249 506	258883	Olfr876
rect	203 489 249 506	258886	Olfr1299
rect	203 489 249 506	258887	Olfr1294
rect	203 489 249 506	258888	Olfr1298
rect	203 489 249 506	258889	Olfr1301
rect	203 489 249 506	258890	Olfr1297
rect	203 489 249 506	258891	Olfr1302
rect	203 489 249 506	258892	Olfr126
rect	203 489 249 506	258893	Olfr1225
rect	203 489 249 506	258894	Olfr1223
rect	203 489 249 506	258895	Olfr1216
rect	203 489 249 506	258896	Olfr1206
rect	203 489 249 506	258897	Olfr1201
rect	203 489 249 506	258898	Olfr1205
rect	203 489 249 506	258899	Olfr1214
rect	203 489 249 506	258900	Olfr1213
rect	203 489 249 506	258901	Olfr1219
rect	203 489 249 506	258902	Olfr1220
rect	203 489 249 506	258903	Olfr1217
rect	203 489 249 506	258904	Olfr1221
rect	203 489 249 506	258905	Olfr871
rect	203 489 249 506	258907	Olfr851
rect	203 489 249 506	258908	Olfr853
rect	203 489 249 506	258910	Olfr1280
rect	203 489 249 506	258912	Olfr1378
rect	203 489 249 506	258913	Olfr1377
rect	203 489 249 506	258914	Olfr211
rect	203 489 249 506	258915	Olfr1348
rect	203 489 249 506	258917	Olfr1336
rect	203 489 249 506	258918	Olfr1346
rect	203 489 249 506	258919	Olfr1179
rect	203 489 249 506	258920	Olfr1180
rect	203 489 249 506	258921	Olfr1188
rect	203 489 249 506	258922	Olfr267
rect	203 489 249 506	258923	Olfr1
rect	203 489 249 506	258924	Olfr376
rect	203 489 249 506	258925	Olfr20
rect	203 489 249 506	258927	Olfr481
rect	203 489 249 506	258928	Olfr477
rect	203 489 249 506	258929	Olfr799
rect	203 489 249 506	258930	Olfr808
rect	203 489 249 506	258931	Olfr807
rect	203 489 249 506	258932	Olfr791
rect	203 489 249 506	258933	Olfr796
rect	203 489 249 506	258934	Olfr802
rect	203 489 249 506	258935	Olfr790
rect	203 489 249 506	258937	Olfr167
rect	203 489 249 506	258938	Olfr1417
rect	203 489 249 506	258939	Olfr63
rect	203 489 249 506	258940	Olfr346
rect	203 489 249 506	258941	Olfr354
rect	203 489 249 506	258942	Olfr352
rect	203 489 249 506	258943	Olfr353
rect	203 489 249 506	258944	Olfr351
rect	203 489 249 506	258945	Olfr347
rect	203 489 249 506	258946	Olfr348
rect	203 489 249 506	258947	Olfr345
rect	203 489 249 506	258949	Olfr338
rect	203 489 249 506	258950	Olfr342
rect	203 489 249 506	258951	Olfr339
rect	203 489 249 506	258952	Olfr341
rect	203 489 249 506	258953	Olfr340
rect	203 489 249 506	258954	Olfr522
rect	203 489 249 506	258955	Olfr531
rect	203 489 249 506	258956	Olfr535
rect	203 489 249 506	258958	Olfr525
rect	203 489 249 506	258959	Olfr170
rect	203 489 249 506	258960	Olfr171
rect	203 489 249 506	258961	Olfr631
rect	203 489 249 506	258962	Olfr53
rect	203 489 249 506	258963	Olfr539
rect	203 489 249 506	258964	Olfr541
rect	203 489 249 506	258967	Olfr1250
rect	203 489 249 506	258968	Olfr1247
rect	203 489 249 506	258969	Olfr1226
rect	203 489 249 506	258970	Olfr1242
rect	203 489 249 506	258971	Olfr1243
rect	203 489 249 506	258972	Olfr1239
rect	203 489 249 506	258973	Olfr1228
rect	203 489 249 506	258974	Olfr1233
rect	203 489 249 506	258975	Olfr1234
rect	203 489 249 506	258976	Olfr1262
rect	203 489 249 506	258977	Olfr1273-ps
rect	203 489 249 506	258979	Olfr1255
rect	203 489 249 506	258980	Olfr1258
rect	203 489 249 506	258982	Olfr1272
rect	203 489 249 506	258983	Olfr1260
rect	203 489 249 506	258984	Olfr1257
rect	203 489 249 506	258985	Olfr1256
rect	203 489 249 506	258987	Olfr1270
rect	203 489 249 506	258988	Olfr38
rect	203 489 249 506	258989	Olfr457
rect	203 489 249 506	258990	Olfr447
rect	203 489 249 506	258991	Olfr1496
rect	203 489 249 506	258992	Olfr1494
rect	203 489 249 506	258993	Olfr206
rect	203 489 249 506	258995	Olfr176
rect	203 489 249 506	258996	Olfr201
rect	203 489 249 506	258997	Olfr202
rect	203 489 249 506	258998	Olfr177
rect	203 489 249 506	258999	Olfr178
rect	203 489 249 506	259000	Olfr195
rect	203 489 249 506	259001	Olfr181
rect	203 489 249 506	259002	Olfr173
rect	203 489 249 506	259003	Olfr172
rect	203 489 249 506	259004	Olfr175-ps1
rect	203 489 249 506	259005	Olfr139
rect	203 489 249 506	259006	Olfr399
rect	203 489 249 506	259007	Olfr395
rect	203 489 249 506	259008	Olfr392
rect	203 489 249 506	259009	Olfr394
rect	203 489 249 506	259010	Olfr393
rect	203 489 249 506	259011	Olfr389
rect	203 489 249 506	259012	Olfr1052
rect	203 489 249 506	259013	Olfr1044
rect	203 489 249 506	259014	Olfr1047
rect	203 489 249 506	259015	Olfr1038-ps
rect	203 489 249 506	259016	Olfr1048
rect	203 489 249 506	259017	Olfr1019
rect	203 489 249 506	259018	Olfr1049
rect	203 489 249 506	259019	Olfr1045
rect	203 489 249 506	259020	Olfr1056
rect	203 489 249 506	259021	Olfr1054
rect	203 489 249 506	259022	Olfr1061
rect	203 489 249 506	259023	Olfr1055
rect	203 489 249 506	259024	Olfr381
rect	203 489 249 506	259025	Olfr385
rect	203 489 249 506	259026	Olfr378
rect	203 489 249 506	259027	Olfr380
rect	203 489 249 506	259030	Olfr1124
rect	203 489 249 506	259031	Olfr1120
rect	203 489 249 506	259032	Olfr1134
rect	203 489 249 506	259033	Olfr1122
rect	203 489 249 506	259034	Olfr705
rect	203 489 249 506	259035	Olfr714
rect	203 489 249 506	259036	Olfr713
rect	203 489 249 506	259037	Olfr711
rect	203 489 249 506	259038	Olfr283
rect	203 489 249 506	259039	Olfr1413
rect	203 489 249 506	259040	Olfr1416
rect	203 489 249 506	259041	Olfr1414
rect	203 489 249 506	259042	Olfr1351
rect	203 489 249 506	259044	Olfr1353
rect	203 489 249 506	259045	Olfr669
rect	203 489 249 506	259046	Olfr679
rect	203 489 249 506	259047	Olfr683
rect	203 489 249 506	259048	Olfr600
rect	203 489 249 506	259049	Olfr618
rect	203 489 249 506	259050	Olfr652
rect	203 489 249 506	259051	Olfr658
rect	203 489 249 506	259052	Olfr659
rect	203 489 249 506	259053	Olfr362
rect	203 489 249 506	259054	Olfr589
rect	203 489 249 506	259055	Olfr582
rect	203 489 249 506	259056	Olfr584
rect	203 489 249 506	259057	Olfr649
rect	203 489 249 506	259058	Olfr646
rect	203 489 249 506	259061	Olfr668
rect	203 489 249 506	259062	Olfr667
rect	203 489 249 506	259063	Olfr691
rect	203 489 249 506	259064	Olfr124
rect	203 489 249 506	259066	Olfr520
rect	203 489 249 506	259067	Olfr449
rect	203 489 249 506	259069	Olfr1389
rect	203 489 249 506	259070	Olfr829
rect	203 489 249 506	259071	Olfr166
rect	203 489 249 506	259072	Olfr686
rect	203 489 249 506	259073	Olfr603
rect	203 489 249 506	259074	Olfr1352
rect	203 489 249 506	259075	Olfr641
rect	203 489 249 506	259078	Olfr656
rect	203 489 249 506	259080	Olfr619
rect	203 489 249 506	259081	Olfr643
rect	203 489 249 506	259082	Olfr1062
rect	203 489 249 506	259083	Olfr547
rect	203 489 249 506	259084	Olfr615
rect	203 489 249 506	259085	Olfr610
rect	203 489 249 506	259086	Olfr609
rect	203 489 249 506	259087	Olfr622
rect	203 489 249 506	259088	Olfr639
rect	203 489 249 506	259089	Olfr571
rect	203 489 249 506	259091	Olfr585
rect	203 489 249 506	259092	Olfr569
rect	203 489 249 506	259093	Olfr572
rect	203 489 249 506	259095	Olfr568
rect	203 489 249 506	259096	Olfr561
rect	203 489 249 506	259097	Olfr558
rect	203 489 249 506	259098	Olfr606
rect	203 489 249 506	259099	Olfr676
rect	203 489 249 506	259100	Olfr666
rect	203 489 249 506	259102	Olfr630
rect	203 489 249 506	259103	Olfr616
rect	203 489 249 506	259104	Olfr613
rect	203 489 249 506	259105	Olfr549
rect	203 489 249 506	259106	Olfr552
rect	203 489 249 506	259107	Olfr555
rect	203 489 249 506	259108	Olfr550
rect	203 489 249 506	259109	Olfr978
rect	203 489 249 506	259110	Olfr980
rect	203 489 249 506	259111	Olfr974
rect	203 489 249 506	259112	Olfr979
rect	203 489 249 506	259113	Olfr577
rect	203 489 249 506	259114	Olfr570
rect	203 489 249 506	259115	Olfr586
rect	203 489 249 506	259116	Olfr559
rect	203 489 249 506	259117	Olfr560
rect	203 489 249 506	259118	Olfr575
rect	203 489 249 506	259119	Olfr578
rect	203 489 249 506	259122	Olfr635
rect	203 489 249 506	259123	Olfr632
rect	203 489 249 506	259124	Olfr638
rect	203 489 249 506	259125	Olfr644
rect	203 489 249 506	259126	Olfr623
rect	203 489 249 506	259147	Olfr723
rect	203 489 249 506	259148	Olfr329-ps
rect	203 489 249 506	259151	Olfr1037
rect	203 489 249 506	259159	Olfr628
rect	203 489 249 506	259161	Olfr688
rect	203 489 249 506	259162	Olfr427
rect	203 489 249 506	259163	Olfr1354
rect	203 489 249 506	259165	Olfr814
rect	203 489 249 506	269862	Olfr1349
rect	203 489 249 506	27216	Olfr154
rect	203 489 249 506	276865	Olfr1371
rect	203 489 249 506	277562	Olfr1286
rect	203 489 249 506	277935	Olfr519
rect	203 489 249 506	29845	Olfr155
rect	203 489 249 506	29846	Olfr156
rect	203 489 249 506	29849	Olfr159
rect	203 489 249 506	329460	Olfr1193
rect	203 489 249 506	383243	Olfr128
rect	203 489 249 506	384703	Olfr670
rect	203 489 249 506	384732	Gm10081
rect	203 489 249 506	404222	Olfr231
rect	203 489 249 506	404307	Olfr100
rect	203 489 249 506	404309	Olfr192
rect	203 489 249 506	404310	Olfr199
rect	203 489 249 506	404311	Olfr209
rect	203 489 249 506	404312	Olfr250
rect	203 489 249 506	404313	Olfr251
rect	203 489 249 506	404314	Olfr257
rect	203 489 249 506	404315	Olfr372
rect	203 489 249 506	404316	Olfr403
rect	203 489 249 506	404317	Olfr592
rect	203 489 249 506	404318	Olfr681
rect	203 489 249 506	404319	Olfr750
rect	203 489 249 506	404321	Olfr776
rect	203 489 249 506	404322	Olfr924
rect	203 489 249 506	404323	Olfr1040
rect	203 489 249 506	404324	Olfr1051
rect	203 489 249 506	404325	Olfr1057
rect	203 489 249 506	404327	Olfr1113
rect	203 489 249 506	404328	Olfr1118
rect	203 489 249 506	404329	Olfr1173
rect	203 489 249 506	404330	Olfr1198
rect	203 489 249 506	404331	Olfr1252
rect	203 489 249 506	404335	Olfr1535
rect	203 489 249 506	404336	Olfr1380
rect	203 489 249 506	404337	Olfr1383
rect	203 489 249 506	404339	Olfr1480
rect	203 489 249 506	404346	Olfr322
rect	203 489 249 506	404473	Olfr1082
rect	203 489 249 506	406175	Olfr242
rect	203 489 249 506	406176	Olfr151
rect	203 489 249 506	406186	Olfr142
rect	203 489 249 506	433031	Olfr194
rect	203 489 249 506	433449	Olfr1197
rect	203 489 249 506	436002	Olfr243
rect	203 489 249 506	544748	Olfr765
rect	203 489 249 506	545205	Olfr111
rect	203 489 249 506	545417	Olfr367-ps
rect	203 489 249 506	545985	Olfr612
rect	203 489 249 506	546487	Olfr766-ps1
rect	203 489 249 506	546488	Olfr785
rect	203 489 249 506	546747	Olfr220
rect	203 489 249 506	546769	Olfr1174-ps
rect	203 489 249 506	546770	Olfr1175-ps
rect	203 489 249 506	546896	Olfr455
rect	203 489 249 506	546989	Olfr607
rect	203 489 249 506	56014	Olfr70
rect	203 489 249 506	56015	Olfr71
rect	203 489 249 506	56858	Olfr749
rect	203 489 249 506	56860	Olfr690
rect	203 489 249 506	56861	Olfr480
rect	203 489 249 506	57250	Olfr653
rect	203 489 249 506	57251	Olfr870
rect	203 489 249 506	57269	Olfr1507
rect	203 489 249 506	57270	Olfr1508
rect	203 489 249 506	57271	Olfr1509
rect	203 489 249 506	57272	Olfr140
rect	203 489 249 506	629524	Olfr286
rect	203 489 249 506	634104	Olfr287
rect	203 489 249 506	66786	Olfr701
rect	203 489 249 506	668035	Olfr687
rect	203 489 249 506	80706	Olfr160
rect	289 472 335 489	109689	Arrb1
rect	289 472 335 489	216869	Arrb2
rect	249 452 295 469	110355	Adrbk1
rect	249 452 295 469	320129	Adrbk2
rect	778 601 824 618	110891	Slc8a2
rect	778 601 824 618	110893	Slc8a3
rect	778 601 824 618	20541	Slc8a1
rect	778 601 824 618	238384	Slc24a4
rect	203 668 249 685	14918	Gucy2d
rect	203 668 249 685	14919	Gucy2e
rect	778 668 824 685	12790	Cnga3
rect	778 549 824 566	12789	Cnga2
rect	778 549 824 566	233649	Cnga4
rect	778 549 824 566	333329	Cngb1
rect	377 624 423 641	19091	Prkg1
rect	377 624 423 641	19092	Prkg2
rect	472 686 518 703	207728	Pde2a
rect	488 348 531 365	52589	Ncald
rect	700 461 746 478	19735	Rgs2
rect	40 45 260 70	NA	mmu04740
rect	446 212 579 237	NA	mmu04024
rect	279 695 381 720	NA	mmu00230
