shape	coords	gid	sym.path.compounds.map
circle	961 109 4	NA	C01330
circle	693 397 4	NA	C00076
circle	474 597 4	NA	C13050
circle	474 634 4	NA	C13051
circle	435 685 4	NA	C06124
circle	254 663 4	NA	C00004
circle	254 594 4	NA	C00002
circle	435 562 4	NA	C00165
circle	435 507 4	NA	C01245
circle	276 544 4	NA	C00575
circle	413 202 4	NA	C00575
circle	129 121 4	NA	C01330
rect	850 594 896 611	228550	Itpka
rect	850 594 896 611	233011	Itpkc
rect	850 594 896 611	320404	Itpkb
rect	850 499 896 516	104111	Adcy3
rect	850 499 896 516	11514	Adcy8
rect	850 499 896 516	432530	Adcy1
rect	850 524 896 541	18573	Pde1a
rect	850 524 896 541	18574	Pde1b
rect	850 524 896 541	18575	Pde1c
rect	850 461 896 478	18125	Nos1
rect	850 461 896 478	18126	Nos2
rect	850 461 896 478	18127	Nos3
rect	848 132 894 149	22333	Vdac1
rect	848 132 894 149	22334	Vdac2
rect	848 132 894 149	22335	Vdac3
rect	893 142 939 159	105675	Ppif
rect	159 108 205 125	110891	Slc8a2
rect	159 108 205 125	110893	Slc8a3
rect	159 108 205 125	20541	Slc8a1
rect	893 105 939 122	110891	Slc8a2
rect	893 105 939 122	110893	Slc8a3
rect	893 105 939 122	20541	Slc8a1
rect	850 401 896 418	108058	Camk2d
rect	850 401 896 418	12322	Camk2a
rect	850 401 896 418	12323	Camk2b
rect	850 401 896 418	12325	Camk2g
rect	850 401 896 418	12326	Camk4
rect	850 376 896 393	19055	Ppp3ca
rect	850 376 896 393	19056	Ppp3cb
rect	850 376 896 393	19057	Ppp3cc
rect	850 376 896 393	19058	Ppp3r1
rect	850 376 896 393	19059	Ppp3r2
rect	850 623 896 640	18750	Prkca
rect	850 623 896 640	18751	Prkcb
rect	850 623 896 640	18752	Prkcg
rect	850 564 896 581	19229	Ptk2b
rect	159 625 205 642	12494	Cd38
rect	331 535 377 552	74055	Plce1
rect	159 543 205 560	102642252	LOC102642252
rect	159 543 205 560	105243590	LOC105243590
rect	159 477 205 494	13649	Egfr
rect	159 477 205 494	13866	Erbb2
rect	159 477 205 494	13867	Erbb3
rect	159 477 205 494	13869	Erbb4
rect	159 477 205 494	18595	Pdgfra
rect	159 477 205 494	18596	Pdgfrb
rect	245 432 291 449	14672	Gna11
rect	245 432 291 449	14675	Gna14
rect	245 432 291 449	14676	Gna15
rect	245 432 291 449	14682	Gnaq
rect	159 383 205 400	11441	Chrna7
rect	159 383 205 400	14810	Grin1
rect	159 383 205 400	14811	Grin2a
rect	159 383 205 400	14813	Grin2c
rect	159 383 205 400	14814	Grin2d
rect	159 383 205 400	18436	P2rx1
rect	159 383 205 400	18438	P2rx4
rect	159 383 205 400	18439	P2rx7
rect	159 383 205 400	18440	P2rx6
rect	159 383 205 400	228139	P2rx3
rect	159 383 205 400	231602	P2rx2
rect	159 383 205 400	94045	P2rx5
rect	331 511 377 528	18803	Plcg1
rect	331 511 377 528	234779	Plcg2
rect	331 677 377 694	20698	Sphk1
rect	331 677 377 694	56632	Sphk2
rect	331 559 377 576	114875	Plcz1
rect	850 258 896 275	107589	Mylk
rect	850 258 896 275	213435	Mylk3
rect	850 258 896 275	228785	Mylk2
rect	850 258 896 275	238564	Mylk4
rect	331 464 377 481	18799	Plcd1
rect	331 464 377 481	18802	Plcd4
rect	331 464 377 481	72469	Plcd3
rect	589 499 635 516	16438	Itpr1
rect	589 499 635 516	16439	Itpr2
rect	589 499 635 516	16440	Itpr3
rect	850 283 896 300	102093	Phkb
rect	850 283 896 300	110094	Phka2
rect	850 283 896 300	18679	Phka1
rect	850 283 896 300	18682	Phkg1
rect	850 283 896 300	68961	Phkg2
rect	589 323 635 340	20190	Ryr1
rect	589 323 635 340	20191	Ryr2
rect	589 323 635 340	20192	Ryr3
rect	331 487 377 504	18795	Plcb1
rect	331 487 377 504	18796	Plcb2
rect	331 487 377 504	18797	Plcb3
rect	331 487 377 504	18798	Plcb4
rect	159 237 205 254	109305	Orai1
rect	159 237 205 254	269717	Orai2
rect	159 237 205 254	269999	Orai3
rect	159 292 205 309	12288	Cacna1c
rect	159 292 205 309	12289	Cacna1d
rect	159 292 205 309	12292	Cacna1s
rect	159 292 205 309	54652	Cacna1f
rect	159 311 205 328	12286	Cacna1a
rect	159 311 205 328	12287	Cacna1b
rect	159 311 205 328	12290	Cacna1e
rect	159 432 205 449	108071	Grm5
rect	159 432 205 449	11548	Adra1b
rect	159 432 205 449	11549	Adra1a
rect	159 432 205 449	11550	Adra1d
rect	159 432 205 449	11607	Agtr1a
rect	159 432 205 449	11608	Agtr1b
rect	159 432 205 449	12061	Bdkrb1
rect	159 432 205 449	12062	Bdkrb2
rect	159 432 205 449	12425	Cckar
rect	159 432 205 449	12426	Cckbr
rect	159 432 205 449	12669	Chrm1
rect	159 432 205 449	12671	Chrm3
rect	159 432 205 449	13617	Ednra
rect	159 432 205 449	13618	Ednrb
rect	159 432 205 449	14062	F2r
rect	159 432 205 449	14816	Grm1
rect	159 432 205 449	14829	Grpr
rect	159 432 205 449	15465	Hrh1
rect	159 432 205 449	15558	Htr2a
rect	159 432 205 449	15559	Htr2b
rect	159 432 205 449	15560	Htr2c
rect	159 432 205 449	16867	Lhcgr
rect	159 432 205 449	170732	Trhr2
rect	159 432 205 449	18216	Ntsr1
rect	159 432 205 449	18430	Oxtr
rect	159 432 205 449	19204	Ptafr
rect	159 432 205 449	19216	Ptger1
rect	159 432 205 449	19218	Ptger3
rect	159 432 205 449	19220	Ptgfr
rect	159 432 205 449	21336	Tacr1
rect	159 432 205 449	21337	Tacr2
rect	159 432 205 449	21338	Tacr3
rect	159 432 205 449	21390	Tbxa2r
rect	159 432 205 449	22045	Trhr
rect	159 432 205 449	243764	Chrm2
rect	159 432 205 449	26361	Avpr1b
rect	159 432 205 449	54140	Avpr1a
rect	159 432 205 449	57260	Ltb4r2
rect	159 432 205 449	58861	Cysltr1
rect	159 432 205 449	70086	Cysltr2
rect	763 389 809 406	12313	Calm1
rect	763 389 809 406	12314	Calm2
rect	763 389 809 406	12315	Calm3
rect	763 389 809 406	494124	Calm5
rect	763 389 809 406	70405	Calml3
rect	763 389 809 406	80796	Calm4
rect	850 220 896 237	21924	Tnnc1
rect	850 220 896 237	21925	Tnnc2
rect	893 125 939 142	11739	Slc25a4
rect	893 125 939 142	11740	Slc25a5
rect	893 125 939 142	73333	Slc25a31
rect	331 193 377 210	104110	Adcy4
rect	331 193 377 210	104111	Adcy3
rect	331 193 377 210	11513	Adcy7
rect	331 193 377 210	11514	Adcy8
rect	331 193 377 210	11515	Adcy9
rect	331 193 377 210	210044	Adcy2
rect	331 193 377 210	432530	Adcy1
rect	589 295 635 312	11937	Atp2a1
rect	589 295 635 312	11938	Atp2a2
rect	589 295 635 312	53313	Atp2a3
rect	159 193 205 210	11540	Adora2a
rect	159 193 205 210	11541	Adora2b
rect	159 193 205 210	11554	Adrb1
rect	159 193 205 210	11555	Adrb2
rect	159 193 205 210	11556	Adrb3
rect	159 193 205 210	12669	Chrm1
rect	159 193 205 210	12671	Chrm3
rect	159 193 205 210	13488	Drd1
rect	159 193 205 210	13492	Drd5
rect	159 193 205 210	15466	Hrh2
rect	159 193 205 210	15562	Htr4
rect	159 193 205 210	15563	Htr5a
rect	159 193 205 210	15564	Htr5b
rect	159 193 205 210	15565	Htr6
rect	159 193 205 210	15566	Htr7
rect	159 193 205 210	213788	Chrm5
rect	589 193 635 210	18821	Pln
rect	456 193 502 210	18747	Prkaca
rect	456 193 502 210	18749	Prkacb
rect	245 193 291 210	14680	Gnal
rect	245 193 291 210	14683	Gnas
rect	159 330 205 347	12291	Cacna1g
rect	159 330 205 347	239556	Cacna1i
rect	159 330 205 347	58226	Cacna1h
rect	159 149 205 166	11941	Atp2b2
rect	159 149 205 166	320707	Atp2b3
rect	159 149 205 166	381290	Atp2b4
rect	159 149 205 166	67972	Atp2b1
rect	487 237 533 254	116873	Stim2
rect	487 237 533 254	20866	Stim1
rect	941 459 1082 484	NA	mmu04730
rect	941 426 1082 451	NA	mmu04720
rect	948 584 1075 618	NA	mmu04070
rect	972 349 1050 374	NA	mmu04210
rect	956 307 1067 341	NA	mmu04010
rect	40 45 290 70	NA	mmu04020
